variant_id,stop_id
635600,1249
635600,27
635601,26
635601,3133
636930,638
636930,3124
636931,3123
636931,636
636932,638
636932,3124
636932,3431
636933,695
636933,3123
636933,636
636934,638
636934,3124
636934,3431
636935,695
636935,3123
636935,636
636936,638
636936,705
636937,706
636937,639
636938,706
636938,639
636939,638
636939,3124
636940,3123
636940,636
636941,638
636941,3124
636941,3431
636942,695
636942,3123
636942,636
636943,638
636943,3124
636943,3431
636944,695
636944,3123
636944,636
636945,638
636945,705
636946,706
636946,639
637325,1249
637325,27
637326,26
637326,3133
656614,1584
656614,1578
656614,1544
656614,3523
656614,1548
656614,1747
656615,1614
656615,2817
656615,1496
656615,1604
656616,1603
656616,1497
656616,2818
656616,1459
656617,1398
656617,3522
656617,1418
656617,2033
656617,1570
656618,2034
656618,1417
656618,3521
656618,1397
656619,1582
656619,1614
656619,1543
656619,1397
656620,1398
656620,1541
656620,1615
656620,1583
656621,1528
656621,1748
656621,1655
656621,1547
656621,3524
656621,2820
656621,1541
656621,1579
656621,1585
656622,1582
656622,1614
656622,2817
656622,1531
656623,1542
656623,1579
656623,1583
656624,1897
656624,2034
656624,1417
656624,1581
656625,1580
656625,1418
656625,2031
656625,1897
656626,1746
656626,1420
656626,3521
656626,2820
656626,1497
656627,1497
656627,2818
656627,3523
656627,1419
656627,1471
656627,1749
656628,1497
656628,2818
656628,2031
656628,1495
656629,1897
656629,2032
656629,1651
656629,2817
656629,1497
656630,1746
656630,1420
656630,1581
656630,1502
656630,1572
656631,1573
656631,1501
656631,1580
656631,1616
656631,1419
656631,1471
656631,1749
656632,1582
656632,1578
656632,1544
656633,1532
656633,2818
656633,1583
656634,1629
656634,2034
656634,1417
656634,1496
656634,1604
656635,1603
656635,1497
656635,1441
656635,1418
656635,2033
656635,1628
656636,1751
656636,1869
656637,1396
656637,1750
656638,1407
656638,2818
656638,1617
656638,1581
656638,1502
656638,1572
656639,1573
656639,1501
656639,1580
656639,2817
656639,1531
656640,1542
656640,2819
656640,3523
656640,1418
656640,2031
656640,1897
656641,1897
656641,2034
656641,1417
656641,3521
656641,2820
656641,1541
656642,2034
656642,1417
656642,3521
656642,1397
656643,1398
656643,3522
656643,1418
656643,2031
656644,1542
656644,1419
656644,1654
656644,1749
656645,1748
656645,1655
656645,1420
656645,1543
656646,1501
656646,1580
656646,1397
656647,1398
656647,2820
656647,1581
656647,1502
656648,1501
656648,1580
656648,1397
656649,1398
656649,1581
656649,1502
656650,1548
656650,1420
656650,1581
656650,1502
656650,1572
656651,1573
656651,1501
656651,1580
656651,1419
656651,1547
656652,1542
656652,3523
656652,1419
656652,1547
656653,1548
656653,1420
656653,3521
656653,1541
656654,1629
656654,1746
656654,1655
656654,1420
656654,1581
656654,1573
656655,1573
656655,1501
656655,1580
656655,1419
656655,1654
656655,1747
656655,1628
656659,1578
656659,1544
656659,3523
656659,1548
656659,1747
656663,3523
656663,1548
656663,1747
656666,1497
656666,2818
656666,1459
656667,1680
656667,1614
656667,2817
656667,1604
656671,1869
656674,1604
656676,1603
656676,1497
656678,2033
656678,1570
656680,2034
656680,1417
656680,3521
656680,1397
656683,1398
656683,3522
656683,1418
656683,2033
656683,1570
656691,1398
656691,1541
656691,1615
656691,1583
656700,1528
656700,1748
656700,1655
656700,1547
656700,3524
656700,2820
656700,1541
656700,1579
656700,1585
656710,1582
656710,1614
656710,2817
656710,1531
656710,1408
656711,1582
656711,1614
656711,2817
656711,1531
656711,1408
656716,1409
656716,1542
656716,1579
656716,1583
656718,1531
656720,1587
656725,1586
656727,1586
656728,1582
656728,2817
656730,1542
656730,1579
656730,1583
656732,1583
656734,1580
656734,1418
656734,2031
656734,1495
656735,1580
656735,1418
656735,2031
656736,1897
656736,2034
656736,1417
656736,1581
656738,1418
656738,2031
656738,1897
656739,1581
656741,1573
656743,1897
656744,1897
656746,1581
656748,1495
656749,1580
656750,1580
656751,1897
656756,1746
656756,1420
656756,3521
656756,2820
656756,1604
656757,1603
656757,1497
656757,2818
656757,3523
656757,1419
656757,1471
656757,1749
656758,1584
656758,1420
656758,3521
656758,2820
656758,1497
656759,1603
656759,1497
656759,2818
656759,3523
656759,1419
656759,1471
656759,1749
656760,3522
656760,1419
656760,1471
656760,1749
656761,1584
656761,1472
656761,1749
656763,1746
656768,1897
656768,1651
656768,2817
656769,1897
656769,1651
656769,2817
656769,1497
656772,1897
656773,1495
656774,1495
656775,1495
656777,1897
656778,1746
656778,1420
656778,1581
656778,1502
656778,1572
656781,1581
656781,1502
656781,1572
656783,1472
656783,1749
656786,1746
656788,1746
656788,1420
656789,1573
656789,1501
656789,1580
656790,1581
656790,1502
656790,1572
656791,1532
656791,2818
656793,1582
656795,1587
656796,1531
656799,1532
656799,2818
656799,1583
656801,1586
656804,1532
656809,1497
656809,1441
656809,1418
656809,2033
656809,1628
656811,2033
656811,1628
656812,1629
656812,2031
656813,1629
656813,2034
656813,1417
656814,1496
656814,1604
656816,2033
656816,1628
656819,2033
656819,1628
656821,1389
656821,2033
656821,1628
656823,1603
656823,1497
656829,1751
656832,1680
656832,1750
656834,1750
656837,1407
656837,2818
656839,1573
656839,1501
656839,1580
656841,2820
656841,1581
656841,1502
656841,1572
656842,2818
656842,1581
656842,1502
656842,1572
656843,1407
656845,1578
656845,2817
656845,1531
656847,1407
656847,2818
656847,1617
656847,1581
656847,1502
656847,1572
656850,1531
656854,1573
656854,1501
656854,1580
656855,1542
656855,2819
656855,3523
656855,1418
656855,2031
656855,1495
656856,1897
656856,2034
656856,1417
656856,3521
656856,2820
656856,1541
656858,1897
656858,2034
656858,1417
656858,3521
656858,2820
656860,1531
656860,1408
656861,3523
656861,1418
656861,2031
656861,1897
656862,1409
656862,1542
656862,3523
656862,1418
656862,2031
656862,1897
656867,1897
656867,2034
656867,1417
656867,3521
656868,1407
656870,2034
656870,1417
656870,3521
656870,1397
656871,1398
656871,3522
656871,1418
656871,2031
656871,1868
656876,1585
656876,1868
656882,1398
656882,3522
656882,1418
656882,2031
656883,1542
656884,1541
656889,1751
656890,1748
656890,1655
656890,1420
656890,1543
656890,1410
656892,1398
656893,1501
656893,1580
656894,1397
656895,1581
656895,1502
656896,1581
656896,1502
656897,1501
656897,1580
656897,1544
656899,1398
656900,1397
656905,1548
656905,1420
656905,1502
656905,1572
656906,1581
656906,1502
656906,1572
656907,1573
656907,1501
656907,1580
656907,1419
656907,1547
656909,1573
656909,1501
656909,1580
656912,1502
656912,1572
656913,1548
656913,1420
656913,1581
656913,1502
656913,1572
656914,1548
656914,1420
656914,1581
656914,1502
656914,1572
656917,1581
656917,1502
656917,1572
656918,1419
656918,1547
656921,1548
656921,1420
656922,1419
656922,1547
656923,1542
656924,1548
656924,1420
656924,3521
656925,1531
656930,3522
656930,1419
656930,1547
656931,1746
656931,1655
656931,1420
656931,1581
656931,1573
656932,1573
656932,1501
656932,1580
656932,1419
656932,1654
656932,1747
656933,1573
656933,1501
656933,1580
656934,1573
656934,1501
656934,1580
656935,1581
656935,1573
656936,1746
656936,1655
656936,1420
656937,1629
656937,1746
656937,1655
656937,1420
656938,1746
656938,1655
656938,1420
656939,1573
656939,1501
656940,1419
656940,1654
656940,1747
656940,1628
656941,1419
656941,1654
656941,1747
656942,1581
656942,1502
656942,1573
656943,1497
656943,1581
656943,1502
656943,1573
656944,1581
656944,1502
656944,1573
656945,1573
656946,1419
656946,1654
656946,1628
656948,1584
656948,1578
656948,1544
656948,3523
656948,1548
656948,1747
656949,1614
656949,2817
656949,1496
656949,1604
656950,1603
656950,1497
656950,2818
656950,1459
656951,1398
656951,3522
656951,1418
656951,2033
656951,1570
656952,2034
656952,1417
656952,3521
656952,1397
656953,1582
656953,1614
656953,1543
656953,1397
656954,1398
656954,1541
656954,1615
656954,1583
656955,1528
656955,1748
656955,1655
656955,1547
656955,3524
656955,2820
656955,1541
656955,1579
656955,1585
656956,1582
656956,1614
656956,2817
656956,1531
656957,1542
656957,1579
656957,1583
656958,1897
656958,2034
656958,1417
656958,1581
656959,1580
656959,1418
656959,2031
656959,1897
656960,1746
656960,1420
656960,3521
656960,2820
656960,1497
656961,1497
656961,2818
656961,3523
656961,1419
656961,1471
656961,1749
656962,1497
656962,2818
656962,2031
656962,1495
656963,1897
656963,2032
656963,1651
656963,2817
656963,1497
656964,1746
656964,1420
656964,1581
656964,1502
656964,1572
656965,1573
656965,1501
656965,1580
656965,1616
656965,1419
656965,1471
656965,1749
656966,1582
656966,1578
656966,1544
656967,1532
656967,2818
656967,1583
656968,1629
656968,2034
656968,1417
656968,1496
656968,1604
656969,1603
656969,1497
656969,1441
656969,1418
656969,2033
656969,1628
656970,1751
656970,1869
656971,1396
656971,1750
656972,1407
656972,2818
656972,1617
656972,1581
656972,1502
656972,1572
656973,1573
656973,1501
656973,1580
656973,2817
656973,1531
656974,1542
656974,2819
656974,3523
656974,1418
656974,2031
656974,1897
656975,1897
656975,2034
656975,1417
656975,3521
656975,2820
656975,1541
656976,2034
656976,1417
656976,3521
656976,1397
656977,1398
656977,3522
656977,1418
656977,2031
656978,1542
656978,1419
656978,1654
656978,1749
656979,1748
656979,1655
656979,1420
656979,1543
656980,1501
656980,1580
656980,1397
656981,1398
656981,2820
656981,1581
656981,1502
656982,1501
656982,1580
656982,1397
656983,1398
656983,1581
656983,1502
656984,1548
656984,1420
656984,1581
656984,1502
656984,1572
656985,1573
656985,1501
656985,1580
656985,1419
656985,1547
656986,1542
656986,3523
656986,1419
656986,1547
656987,1548
656987,1420
656987,3521
656987,1541
656988,1629
656988,1746
656988,1655
656988,1420
656988,1581
656988,1573
656989,1573
656989,1501
656989,1580
656989,1419
656989,1654
656989,1747
656989,1628
656990,1584
656990,1578
656990,1544
656990,3523
656990,1548
656990,1747
657000,1497
657000,2818
657000,1459
657003,1680
657003,1614
657003,2817
657003,1496
657003,1604
657003,1484
657005,1869
657008,1604
657010,1603
657010,1497
657012,2033
657012,1570
657014,2034
657014,1417
657014,3521
657014,1397
657017,1398
657017,3522
657017,1418
657017,2033
657017,1570
657025,1398
657025,1541
657025,1615
657025,1583
657033,1614
657033,1543
657033,1397
657034,1528
657034,1748
657034,1655
657034,1547
657034,3524
657034,2820
657034,1541
657034,1579
657034,1585
657042,1680
657042,1396
657044,1582
657044,1614
657044,2817
657044,1531
657044,1408
657052,1531
657054,1587
657059,1586
657061,1586
657062,1582
657062,2817
657066,1583
657067,1580
657068,1580
657068,1418
657068,2031
657068,1495
657070,1897
657070,2034
657070,1417
657070,1581
657073,1581
657077,1897
657078,1897
657079,1897
657082,1495
657085,1897
657087,2820
657087,1497
657093,1603
657093,1497
657093,2818
657093,3523
657093,1419
657093,1471
657093,1749
657094,3522
657094,1419
657094,1471
657094,1749
657095,1584
657095,1472
657095,1749
657097,1746
657106,1897
657107,1495
657112,1746
657112,1420
657112,1581
657112,1502
657112,1572
657115,1581
657115,1502
657115,1572
657117,1472
657117,1749
657120,1746
657123,1573
657123,1501
657123,1580
657124,1581
657124,1502
657124,1572
657129,1587
657130,1531
657131,1531
657133,1532
657133,2818
657133,1583
657134,1532
657134,2818
657134,1583
657135,1586
657143,1497
657143,1441
657143,1418
657143,2033
657143,1628
657144,1441
657144,1418
657144,2033
657144,1628
657150,2033
657150,1628
657155,1389
657155,2033
657155,1628
657156,2033
657156,1628
657157,1603
657157,1497
657158,2820
657158,1496
657158,1604
657160,1807
657160,1750
657161,1751
657163,1751
657166,1680
657166,1750
657167,1750
657168,1750
657173,1573
657173,1501
657173,1580
657174,1573
657174,1501
657174,1580
657175,2820
657175,1581
657175,1502
657175,1572
657177,1407
657178,1581
657178,1502
657178,1572
657180,1578
657180,2817
657180,1531
657181,1407
657181,2818
657181,1617
657181,1581
657181,1502
657181,1572
657184,1531
657189,1542
657189,2819
657189,3523
657189,1418
657189,2031
657189,1495
657194,1531
657194,1408
657195,3523
657195,1418
657195,2031
657195,1897
657196,1409
657196,1542
657196,3523
657196,1418
657196,2031
657196,1897
657198,1897
657200,1897
657201,1897
657201,2034
657201,1417
657201,3521
657202,1407
657205,1398
657205,3522
657205,1418
657205,2031
657205,1868
657206,1357
657217,1542
657223,1751
657224,1748
657224,1655
657224,1420
657224,1543
657224,1410
657226,1398
657227,1501
657227,1580
657228,1397
657229,1581
657229,1502
657230,1581
657230,1502
657231,1501
657231,1580
657231,1544
657232,1501
657232,1580
657233,1398
657234,1397
657239,1548
657239,1420
657239,1502
657239,1572
657241,1573
657241,1501
657241,1580
657241,1419
657241,1547
657242,1573
657242,1501
657242,1580
657242,1419
657242,1547
657246,1502
657246,1572
657247,1548
657247,1420
657247,1581
657247,1502
657247,1572
657249,1548
657249,1420
657249,1581
657249,1502
657249,1573
657252,1419
657252,1547
657253,1419
657253,1547
657255,1548
657255,1420
657257,1542
657258,1548
657258,1420
657258,3521
657259,1531
657260,1541
657264,3522
657264,1419
657264,1547
657271,1629
657271,1746
657271,1655
657271,1420
657273,1573
657273,1501
657274,1419
657274,1654
657274,1747
657274,1628
657276,1581
657276,1502
657276,1573
657282,616
657282,1248
657282,711
657282,2279
657282,3599
657282,3604
657282,3601
657282,3663
657282,1083
657283,1200
657283,3662
657283,3600
657283,3603
657283,3598
657283,3415
657283,2828
657283,1819
657284,711
657284,3422
657284,1190
657284,3607
657284,3641
657285,3640
657285,3608
657285,3415
657285,2828
657286,711
657286,3607
657286,3641
657286,3027
657287,3640
657287,3608
657287,3415
657287,2828
657288,616
657288,1248
657288,711
657288,2279
657288,3599
657288,3604
657289,3617
657289,3603
657289,3598
657289,3415
657289,2828
657289,1819
657290,616
657290,1248
657290,711
657290,2279
657290,3599
657290,3604
657290,3601
657291,3600
657291,3603
657291,3598
657291,3415
657291,2828
657291,1819
657292,3716
657292,3065
657292,1082
657292,3670
657292,3658
657292,3720
657292,3415
657293,728
657293,3244
657293,3720
657293,3657
657293,3669
657293,1702
657293,3709
657293,1081
657293,3064
657293,3717
657293,3674
657294,3420
657294,2782
657294,3640
657294,777
657294,2115
657295,2114
657295,2781
657295,3415
657296,3421
657296,2305
657296,3646
657296,3645
657296,3722
657296,3852
657297,3667
657297,1703
657297,3668
657297,1731
657297,3037
657297,3647
657297,2274
657297,3415
657298,3615
657298,3600
657298,3603
657298,3598
657298,3415
657298,2828
657298,1819
657299,3615
657299,3655
657299,3600
657299,3603
657299,3598
657299,3415
657299,2828
657299,1819
657300,1200
657300,3662
657300,3655
657300,3600
657300,3603
657300,3598
657300,3415
657300,2828
657300,1819
657301,1200
657301,3662
657301,3600
657301,3616
657301,3603
657301,3598
657301,3415
657301,2828
657301,1819
657302,3415
657302,2828
657302,1819
657303,616
657303,1248
657303,711
657303,2279
657303,3599
657303,3604
657303,3601
657303,3635
657305,616
657305,1248
657305,711
657307,616
657307,1248
657307,711
657307,2279
657307,3599
657307,3604
657307,3601
657307,3635
657309,711
657309,3422
657309,3607
657310,3608
657310,3415
657310,2828
657311,3415
657311,2828
657314,711
657314,3422
657314,3607
657314,3641
657314,3621
657315,711
657315,3422
657315,3607
657315,3641
657315,3621
657316,3640
657316,3608
657318,3620
657318,3640
657318,3608
657318,3415
657318,2828
657319,3620
657319,3640
657319,3608
657319,3415
657319,2828
657320,3620
657320,3640
657320,3608
657320,3415
657320,2828
657321,3640
657321,3608
657321,3415
657321,2828
657322,711
657322,3607
657322,3641
657322,3027
657322,3727
657323,3728
657323,3640
657323,3608
657323,3415
657323,2828
657324,3728
657324,3640
657324,3608
657324,3415
657324,2828
657325,3689
657325,3637
657325,1297
657325,3728
657325,3640
657325,3608
657325,3415
657325,2828
657326,3689
657326,1093
657326,3620
657326,3617
657326,3603
657326,3598
657326,3415
657326,2828
657326,1819
657327,3617
657327,3603
657327,3598
657327,3415
657327,2828
657327,1819
657328,3680
657328,3617
657328,3603
657328,3598
657328,3415
657328,2828
657328,1819
657329,1093
657329,3620
657329,3617
657329,3603
657329,3598
657329,3415
657329,2828
657329,1819
657330,1093
657330,3620
657330,3617
657330,3603
657330,3598
657330,3415
657330,2828
657330,1819
657331,3617
657331,3616
657331,3603
657331,3598
657331,3415
657331,2828
657331,1819
657332,3689
657332,1093
657332,3620
657332,3617
657332,3603
657332,3598
657332,3415
657332,2828
657333,3680
657333,3617
657333,3603
657333,3598
657333,3415
657333,2828
657334,3689
657334,1093
657334,3620
657334,3617
657334,3603
657334,3598
657335,3617
657335,3603
657335,3598
657335,3415
657336,2279
657336,3599
657336,3604
657336,3632
657337,616
657337,1248
657337,711
657337,2279
657337,3599
657337,3604
657337,3632
657337,3621
657337,1092
657338,616
657338,1248
657338,711
657338,2279
657338,3599
657338,3604
657338,3632
657338,3621
657338,1092
657339,1248
657339,711
657339,2279
657339,3599
657339,3604
657339,3632
657339,3621
657339,1092
657339,3688
657340,1248
657340,711
657340,2279
657340,3599
657340,3604
657340,3632
657341,616
657341,1248
657341,711
657341,2279
657341,3599
657341,3604
657342,616
657342,1248
657342,711
657342,2279
657342,3599
657342,3604
657342,3601
657342,3655
657342,3600
657343,616
657343,1248
657343,711
657343,2279
657343,3599
657343,3604
657343,3632
657344,616
657344,1248
657344,711
657344,2279
657344,3599
657344,3604
657344,3680
657344,3601
657345,616
657345,1248
657345,711
657345,2279
657345,3599
657345,3604
657345,3601
657346,616
657346,1248
657346,711
657346,2279
657346,3599
657346,3604
657346,3616
657346,3601
657347,3600
657347,3616
657347,3603
657347,3598
657347,3415
657347,2828
657347,1819
657348,3601
657348,3655
657348,3600
657348,3603
657348,3598
657348,3415
657348,2828
657348,1819
657349,3720
657349,3657
657349,3668
657349,1979
657349,1702
657349,3709
657349,1081
657349,3064
657349,3717
657349,3674
657350,3657
657350,3668
657350,1979
657350,3669
657350,1702
657351,3421
657351,728
657351,3657
657351,3669
657351,1702
657351,3709
657351,1081
657351,3701
657351,3717
657351,3674
657353,728
657353,3720
657353,3657
657353,3668
657353,1979
657353,1702
657353,3709
657353,1081
657353,3064
657353,3717
657353,3674
657354,711
657354,728
657354,3669
657354,1702
657356,3673
657356,3716
657356,1703
657356,3670
657356,3658
657356,3720
657356,3415
657357,3673
657357,3716
657357,3065
657357,1082
657357,3670
657357,3658
657357,3720
657359,3673
657359,3716
657359,3065
657359,1082
657359,3668
657359,1979
657359,3670
657359,3658
657359,3415
657360,3673
657360,3716
657360,3065
657360,1082
657361,3673
657361,3716
657361,1082
657362,3245
657362,3415
657363,1081
657363,3064
657363,3717
657363,3674
657364,2782
657364,3640
657364,777
657364,2115
657365,2782
657365,3640
657366,2782
657366,3640
657366,777
657366,2115
657367,3420
657367,2782
657367,3026
657367,3640
657367,777
657368,3420
657368,2782
657370,2114
657370,2781
657370,3415
657371,2781
657371,3415
657375,2781
657375,3415
657377,3420
657377,2782
657378,2782
657379,3421
657379,2305
657379,3646
657379,3036
657379,1979
657379,3669
657379,1702
657379,3666
657379,3722
657380,2305
657380,3646
657380,3645
657380,3722
657380,3852
657381,3667
657381,1703
657381,3668
657381,1731
657381,3037
657381,3647
657381,2274
657381,3420
657382,3721
657382,3644
657382,1731
657382,3647
657382,2274
657382,3415
657383,3667
657384,616
657384,1248
657384,711
657384,2279
657384,3599
657384,3604
657384,3601
657384,3663
657384,1083
657385,1200
657385,3662
657385,3600
657385,3603
657385,3598
657385,3415
657385,2828
657385,1819
657386,711
657386,3422
657386,1190
657386,3607
657386,3641
657387,3640
657387,3608
657387,3415
657387,2828
657388,711
657388,3607
657388,3641
657388,3027
657389,3640
657389,3608
657389,3415
657389,2828
657390,616
657390,1248
657390,711
657390,2279
657390,3599
657390,3604
657391,3617
657391,3603
657391,3598
657391,3415
657391,2828
657391,1819
657392,616
657392,1248
657392,711
657392,2279
657392,3599
657392,3604
657392,3601
657393,3600
657393,3603
657393,3598
657393,3415
657393,2828
657393,1819
657394,3716
657394,3065
657394,1082
657394,3670
657394,3658
657394,3720
657394,3415
657395,728
657395,3244
657395,3720
657395,3657
657395,3669
657395,1702
657395,3709
657395,1081
657395,3064
657395,3717
657395,3674
657397,2114
657397,2781
657397,3415
657398,3615
657398,3600
657398,3603
657398,3598
657398,3415
657398,2828
657398,1819
657399,3615
657399,3655
657399,3600
657399,3603
657399,3598
657399,3415
657399,2828
657399,1819
657403,616
657403,1248
657403,711
657403,2279
657403,3599
657403,3604
657403,3601
657403,3635
657404,616
657404,1248
657404,711
657404,2279
657404,3599
657404,3604
657404,3616
657404,3601
657404,3663
657404,1083
657406,616
657406,1248
657406,711
657408,2279
657408,3599
657408,3604
657408,3616
657408,3601
657408,3663
657408,1083
657409,711
657409,3422
657409,3607
657410,3608
657410,3415
657410,2828
657411,3415
657411,2828
657412,3608
657412,3415
657412,2828
657413,711
657413,3422
657413,3607
657417,3608
657417,3415
657417,2828
657421,3640
657421,3608
657421,3415
657421,2828
657444,616
657444,1248
657444,711
657444,2279
657444,3599
657444,3604
657444,3680
657444,3601
657446,616
657446,1248
657446,711
657446,2279
657446,3599
657446,3604
657446,3616
657446,3601
657448,3601
657448,3655
657448,3600
657448,3603
657448,3598
657448,3415
657448,2828
657448,1819
657451,3421
657451,728
657451,3657
657451,3669
657451,1702
657451,3709
657451,1081
657451,3701
657451,3717
657451,3674
657452,728
657452,3657
657452,3668
657452,1979
657452,3669
657452,1702
657452,3709
657452,1081
657452,3064
657452,3717
657452,3674
657455,3673
657455,3716
657455,3065
657455,1082
657455,1703
657455,3668
657455,1979
657455,3670
657455,3658
657455,3720
657455,727
657455,3415
657458,3673
657458,3716
657458,3065
657458,1082
657458,1979
657458,3670
657458,3658
657458,3415
657465,2782
657465,3640
657468,3420
657468,2782
657469,2782
657472,2781
657472,3415
657472,1819
657473,3420
657473,2782
657473,3641
657474,2781
657474,3415
657475,2781
657475,3415
657476,2782
657476,3641
658961,635
658961,637
658961,666
658961,212
658961,255
658961,271
658961,2863
658962,284
658962,2861
658962,1149
658962,256
658962,1142
658962,824
658962,639
658962,620
658963,666
658963,212
658963,255
658963,271
658963,281
658964,2861
658964,1149
658964,256
658964,1142
658964,824
658965,26
658965,445
658965,2119
658965,319
658965,2855
658965,255
658966,256
658966,1151
658966,318
658966,447
658966,27
658967,242
658967,884
658967,217
658967,212
658967,3547
658967,2884
658968,251
658968,1759
658968,1142
658968,216
658968,226
658968,240
658969,3412
658969,3547
658969,256
658969,1151
658969,305
658969,324
658970,323
658970,304
658970,2855
658970,255
658970,1759
658970,3416
658971,2863
658971,316
658971,2816
658971,1178
658971,613
658971,619
658972,635
658972,1819
658972,617
658972,2815
658972,317
658972,281
658973,636
658973,818
658973,241
658973,494
658973,781
658974,782
658974,952
658974,1782
658974,638
658975,1901
658975,604
658975,711
658975,2305
658976,2274
658976,3415
658976,2828
658976,603
658976,1900
658977,576
658977,567
658978,582
658978,568
658978,575
658978,1740
658979,55
658979,2274
658979,2304
658979,3415
658979,2828
658979,3239
658979,1740
658979,1330
658979,2954
658979,508
658979,3102
658979,3514
658979,2861
658979,1149
658979,251
658980,2884
658980,271
658980,2863
658980,3518
658980,3102
658980,509
658980,2953
658980,546
658980,1741
658980,3240
658980,711
658980,2273
658980,2305
658981,619
658981,637
658981,668
658981,2172
658982,2173
658982,667
658982,3798
658982,639
658982,620
658983,647
658983,639
658983,620
658983,1248
658983,711
658983,2305
658984,51
658984,2274
658984,3415
658984,2828
658984,613
658984,619
658984,638
658984,700
658985,637
658985,656
658985,1330
658985,3517
658985,480
658986,481
658986,3526
658986,547
658986,1175
658986,638
658987,637
658987,656
658987,242
658987,255
658988,256
658988,240
658988,1175
658988,1318
658988,636
658989,255
658989,271
658989,281
658989,378
658990,2342
658990,2861
658990,1149
658990,256
658991,884
658991,217
658991,2479
658991,115
658992,114
658992,788
658992,216
658992,226
658993,636
658993,818
658993,508
658993,3106
658993,3514
658993,1000
658993,2342
658994,864
658994,323
658994,3518
658994,3106
658994,509
658994,2816
658994,1782
658994,638
658995,3797
658995,255
658996,256
658996,3806
658997,3412
658997,1306
658997,2863
658997,781
658997,2527
658998,2528
658998,782
658998,2855
658998,1174
658998,3416
658998,116
658999,1239
658999,281
658999,403
659000,3405
659000,3404
659000,3402
659000,2855
659001,2880
659001,553
659001,1740
659001,1330
659001,508
659001,3105
659001,3514
659001,242
659001,212
659001,129
659001,1251
659002,3008
659002,891
659002,1138
659002,211
659002,240
659002,3105
659002,509
659002,546
659002,1743
659002,554
659003,803
659003,553
659003,1740
659003,1330
659003,508
659003,3103
659003,480
659004,2528
659004,481
659004,3103
659004,509
659004,546
659004,1743
659004,554
659005,891
659005,1138
659005,3412
659005,211
659005,240
659005,3518
659005,3104
659005,509
659005,546
659005,27
659006,26
659006,1330
659006,508
659006,3104
659006,3514
659006,242
659006,212
659006,3416
659006,1251
659007,1215
659007,481
659007,3104
659007,509
659007,3805
659007,255
659007,2978
659007,3801
659008,3802
659008,2973
659008,256
659008,3806
659008,508
659008,3103
659008,480
659008,2035
659009,636
659009,818
659009,508
659009,3106
659009,3514
659009,396
659010,864
659010,323
659010,3518
659010,3106
659010,509
659010,2816
659010,1782
659010,638
659011,16
659011,256
659011,1151
659011,494
659011,3518
659011,3102
659011,509
659011,546
659011,613
659011,619
659011,637
659012,3811
659012,639
659012,620
659012,1819
659012,1330
659012,508
659012,3102
659012,3514
659012,1154
659012,255
659012,15
659013,1230
659013,3415
659013,2828
659013,1819
659013,1330
659013,508
659013,3107
659013,3514
659013,2816
659013,1154
659013,281
659014,1151
659014,494
659014,2815
659014,3518
659014,3102
659014,509
659014,841
659014,1248
659014,711
659015,216
659015,226
659015,240
659015,305
659015,781
659016,782
659016,304
659016,242
659016,884
659016,217
659017,378
659017,323
659017,480
659017,1219
659017,3134
659018,3134
659018,463
659018,481
659018,324
659018,2341
659019,3134
659019,3132
659019,458
659019,3514
659019,317
659019,281
659019,3490
659020,3489
659020,2863
659020,316
659020,3518
659020,447
659020,1249
659020,3134
659021,255
659021,261
659021,179
659021,3800
659022,3799
659022,3802
659022,180
659022,256
659023,1160
659023,651
659023,656
659023,508
659023,3106
659023,3514
659023,782
659024,323
659024,3518
659024,3106
659024,509
659024,2816
659024,1175
659024,650
659024,665
659025,255
659025,261
659025,179
659025,3800
659026,3799
659026,3802
659026,180
659026,262
659026,256
659027,977
659027,1312
659028,241
659028,494
659030,18
659030,896
659030,1215
659030,481
659031,480
659031,2035
659031,350
659032,3807
659032,349
659032,1215
659032,481
659034,896
659034,348
659034,1215
659034,481
659035,378
659035,864
659035,2816
659035,546
659035,1741
659035,711
659035,2305
659036,2274
659036,3415
659036,2828
659036,1740
659036,2815
659036,324
659036,396
659036,2342
659037,1901
659037,613
659037,620
659038,635
659038,1892
659038,603
659038,1900
659039,242
659039,884
659039,217
659039,115
659039,91
659040,94
659040,1125
659040,3762
659040,216
659040,226
659041,3105
659041,509
659041,841
659041,804
659041,576
659041,567
659042,575
659042,977
659042,1330
659042,3105
659043,1901
659043,604
659043,711
659044,3415
659044,2828
659044,603
659044,1900
659045,3526
659045,546
659045,1178
659045,1248
659045,711
659046,3415
659046,2828
659046,1819
659046,617
659046,1330
659046,3517
659047,1160
659047,3798
659047,639
659047,620
659047,1892
659047,568
659048,567
659048,1189
659048,613
659048,619
659048,637
659048,644
659048,1329
659048,665
659049,2028
659049,884
659049,215
659050,214
659050,228
659050,1176
659051,3797
659051,255
659052,256
659052,3806
659053,637
659053,666
659053,212
659053,195
659053,179
659054,180
659054,1759
659054,1142
659054,824
659054,638
659055,1901
659055,604
659055,711
659056,3415
659056,2828
659056,603
659056,1900
659057,1125
659057,788
659057,216
659057,226
659057,240
659057,1330
659057,508
659057,3107
659057,447
659057,1249
659057,3134
659058,469
659058,3132
659058,2119
659058,3104
659058,547
659058,242
659058,884
659058,217
659058,2479
659059,637
659059,668
659059,1074
659060,3811
659060,667
659060,3798
659060,636
659061,324
659061,3138
659061,3402
659061,3406
659061,3405
659061,3404
659061,3403
659062,3405
659062,3404
659062,3402
659062,3403
659062,864
659062,323
659063,242
659063,212
659063,115
659063,1025
659064,1125
659064,114
659064,211
659065,3526
659065,3797
659065,255
659066,256
659066,3806
659067,115
659067,1139
659067,981
659067,799
659067,1025
659068,91
659068,798
659068,994
659069,3805
659069,255
659069,261
659069,179
659069,3222
659070,3221
659070,180
659070,262
659070,256
659070,3806
659071,3518
659071,1218
659071,1219
659071,472
659072,475
659072,471
659072,463
659072,458
659072,3514
659073,518
659073,436
659073,3134
659074,469
659074,2905
659074,435
659074,1011
659075,2863
659075,316
659075,3518
659075,1249
659075,3134
659076,3134
659076,3132
659076,458
659076,3514
659076,317
659076,281
659076,1906
659077,636
659077,818
659077,242
659077,255
659077,3235
659078,256
659078,240
659078,1782
659078,639
659079,526
659079,538
659080,539
659080,527
659081,665
659082,1160
659083,553
659083,1742
659083,3517
659083,480
659084,481
659084,3526
659084,1743
659084,554
659085,952
659086,1313
659086,1742
659087,2274
659087,3415
659087,2828
659087,1819
659087,2028
659087,884
659087,212
659088,1142
659088,228
659088,1176
659088,1248
659088,711
659088,2305
659089,481
659089,3526
659089,1743
659089,554
659090,553
659090,1742
659090,480
659091,3421
659091,2275
659092,2276
659092,3415
659092,2771
659093,2506
659093,3422
659093,2013
659093,761
659094,760
659094,1230
659094,2711
659094,3419
659094,735
659094,2935
659094,2646
659096,635
659096,637
659096,666
659096,212
659096,255
659096,271
659096,1906
659096,2863
659097,256
659097,1142
659097,824
659097,639
659098,284
659098,2861
659098,1906
659098,1149
659098,256
659098,1142
659098,824
659098,639
659098,620
659099,284
659099,2861
659099,1149
659099,256
659099,205
659099,1142
659099,824
659100,284
659100,2861
659100,1906
659100,1149
659100,256
659100,1142
659100,824
659101,666
659101,212
659101,255
659101,271
659101,2863
659103,639
659103,620
659104,635
659104,637
659105,637
659108,666
659108,212
659108,255
659108,271
659108,281
659110,2861
659110,1149
659110,256
659110,1142
659110,824
659112,1963
659112,3182
659113,2861
659113,1149
659113,256
659113,1142
659113,824
659113,879
659118,637
659123,445
659123,2119
659123,319
659123,2855
659123,255
659124,256
659124,1151
659124,318
659124,447
659125,1151
659125,318
659125,447
659125,27
659126,318
659126,447
659128,256
659131,26
659131,445
659131,2119
659131,319
659132,26
659132,445
659132,2119
659132,319
659133,26
659133,445
659133,2119
659133,319
659134,445
659134,2119
659134,319
659135,255
659138,251
659138,1759
659138,1142
659138,216
659138,226
659138,240
659139,251
659139,1759
659139,1142
659139,216
659139,226
659139,240
659140,818
659140,241
659142,212
659142,3547
659142,2884
659143,251
659143,1759
659143,1142
659145,978
659145,952
659149,323
659149,304
659149,2855
659149,255
659149,1759
659149,3416
659151,1151
659151,305
659151,324
659153,3412
659153,3547
659153,256
659153,1151
659153,305
659153,324
659157,1151
659157,305
659157,324
659158,323
659158,304
659158,2855
659159,323
659159,304
659162,620
659162,1819
659162,617
659162,2815
659162,317
659162,281
659163,620
659165,2863
659165,316
659165,2816
659165,1178
659165,613
659165,619
659166,635
659168,2863
659168,316
659168,2816
659168,1178
659168,613
659168,619
659171,638
659172,638
659173,636
659173,818
659173,241
659173,494
659173,781
659174,782
659174,952
659174,1782
659174,638
659174,879
659175,637
659179,1901
659179,604
659179,711
659179,2305
659181,1901
659182,711
659182,2305
659183,603
659183,1900
659184,2274
659184,3415
659184,2828
659186,582
659186,568
659186,575
659186,1740
659186,874
659186,613
659187,576
659187,567
659188,576
659188,595
659188,567
659189,582
659189,568
659191,576
659191,1034
659191,1701
659191,567
659192,576
659192,1034
659192,1701
659192,567
659193,576
659193,595
659193,567
659194,582
659194,568
659194,596
659194,575
659194,1740
659195,582
659195,568
659195,1034
659195,1701
659195,575
659195,1740
659196,1819
659196,1743
659199,55
659199,2796
659199,2274
659199,2304
659199,3415
659199,2828
659199,3239
659199,1740
659199,1330
659199,2954
659199,508
659200,55
659200,2796
659200,2274
659200,2304
659200,3415
659200,2828
659200,3239
659200,1740
659200,1330
659200,2954
659200,508
659203,2273
659203,2305
659204,1149
659204,251
659205,55
659205,2796
659205,2274
659205,2304
659205,3415
659205,2828
659205,3239
659205,1740
659205,1330
659205,2954
659205,508
659205,3102
659205,3514
659205,2861
659205,1149
659205,251
659206,55
659206,2274
659206,2304
659206,3415
659206,2828
659207,2274
659207,2304
659207,3415
659207,2828
659207,637
659209,2884
659209,271
659209,2863
659209,3518
659209,3102
659209,509
659209,2953
659209,546
659209,1741
659209,711
659209,2273
659209,2305
659209,2796
659210,2861
659210,1906
659210,1149
659210,251
659211,3514
659211,2855
659212,509
659212,2953
659212,546
659212,1741
659213,786
659213,116
659215,786
659215,1142
659216,2173
659216,667
659216,3798
659217,619
659217,637
659218,2173
659221,2172
659223,51
659223,2274
659223,3415
659223,2828
659223,613
659223,619
659223,638
659225,647
659225,637
659226,639
659226,620
659226,1248
659226,711
659226,2305
659227,2305
659228,638
659228,700
659229,481
659229,3526
659229,547
659229,1175
659229,638
659230,481
659230,3526
659230,547
659230,1175
659230,638
659231,637
659232,638
659233,656
659233,1330
659233,3517
659233,480
659234,481
659234,3526
659234,547
659234,1175
659237,637
659238,636
659239,656
659239,242
659239,255
659240,256
659240,240
659240,1175
659240,1165
659243,255
659243,271
659243,281
659243,378
659243,1153
659244,1153
659244,2342
659244,2861
659244,1149
659244,256
659246,2342
659246,2861
659246,1149
659246,256
659247,2342
659247,2861
659247,1149
659247,256
659248,2342
659249,1153
659249,2342
659249,2861
659249,1149
659249,256
659250,255
659250,271
659250,281
659250,378
659251,255
659251,271
659251,281
659256,2342
659257,255
659257,2973
659258,255
659258,271
659258,281
659258,378
659258,1153
659260,378
659261,242
659261,884
659261,217
659261,2479
659261,115
659262,114
659262,788
659262,216
659262,226
659263,114
659263,788
659263,216
659263,226
659263,952
659263,1782
659265,818
659265,242
659265,884
659265,217
659265,2479
659265,115
659266,2479
659266,115
659268,271
659268,281
659269,864
659269,323
659269,3518
659269,3106
659270,864
659270,323
659270,3518
659270,3106
659270,509
659270,2816
659270,1782
659270,638
659272,256
659272,3806
659273,256
659273,3806
659274,256
659277,613
659278,255
659280,3412
659280,1306
659280,2863
659280,781
659280,2527
659281,3131
659282,1306
659282,2863
659282,781
659282,2527
659284,2528
659284,782
659284,2855
659285,2528
659285,782
659285,2855
659285,1174
659287,2528
659287,782
659288,281
659288,403
659288,3406
659291,3405
659291,3404
659291,3402
659291,2855
659292,3405
659292,3404
659292,3402
659292,2855
659295,2880
659295,553
659295,1740
659295,1330
659295,508
659298,509
659299,3008
659299,891
659299,1138
659299,211
659299,240
659299,3518
659300,2880
659300,553
659300,804
659300,637
659301,553
659301,1740
659301,1330
659301,508
659301,3103
659301,480
659304,803
659304,553
659304,1740
659304,1330
659304,508
659305,509
659307,2528
659307,481
659307,3103
659307,509
659307,546
659307,1743
659307,554
659308,2528
659308,481
659308,509
659308,547
659311,891
659311,1138
659311,3412
659311,211
659311,240
659311,3518
659312,509
659312,546
659312,27
659313,1138
659313,3412
659313,211
659313,240
659314,3514
659314,242
659314,212
659314,3416
659314,1251
659315,26
659315,1330
659315,508
659315,3104
659315,3514
659315,242
659315,212
659315,3416
659317,26
659317,1330
659317,508
659318,26
659318,1330
659318,545
659318,543
659318,1175
659319,1215
659321,3802
659321,2973
659321,256
659321,3806
659321,508
659321,3103
659321,480
659321,2035
659323,3802
659323,2973
659323,256
659323,3806
659323,508
659325,480
659325,2035
659328,256
659328,3806
659328,508
659330,256
659330,3806
659330,508
659331,509
659331,3805
659331,255
659332,1215
659332,481
659333,1215
659333,481
659334,782
659334,315
659334,952
659334,1782
659335,636
659335,818
659335,508
659335,3106
659335,3514
659337,509
659337,2816
659337,1782
659337,638
659338,3514
659338,396
659339,782
659340,864
659340,323
659340,3518
659340,3106
659340,509
659340,2816
659340,1782
659340,638
659344,639
659344,620
659344,1819
659344,1330
659344,508
659345,3514
659345,1154
659345,255
659345,15
659346,16
659346,256
659346,1151
659346,494
659346,3518
659346,3102
659347,16
659347,256
659347,1151
659347,494
659347,3518
659348,635
659348,1819
659348,1330
659348,508
659348,3102
659348,3514
659348,1154
659348,255
659348,15
659349,16
659349,256
659349,1151
659349,494
659349,3518
659349,3102
659349,509
659349,546
659349,613
659349,619
659351,509
659351,546
659351,613
659351,619
659351,637
659351,3833
659353,509
659353,546
659353,613
659353,619
659353,637
659354,546
659354,613
659354,619
659354,637
659355,546
659355,613
659355,619
659355,637
659356,546
659356,613
659356,619
659356,637
659357,3833
659357,3811
659357,638
659358,3811
659358,638
659361,1230
659361,3415
659361,2828
659361,1819
659361,1330
659361,508
659361,3107
659361,3514
659361,2816
659361,1154
659361,281
659366,1230
659366,3415
659366,2828
659366,1819
659366,1330
659366,508
659367,2855
659367,205
659369,1230
659369,3415
659369,2828
659369,613
659369,637
659370,1248
659370,711
659371,509
659371,841
659371,1248
659371,711
659372,304
659372,242
659372,884
659372,217
659375,216
659375,226
659375,240
659375,305
659375,781
659377,782
659377,304
659377,242
659377,884
659377,217
659382,378
659382,323
659382,480
659382,1219
659382,3134
659383,3134
659383,463
659383,481
659383,324
659383,2341
659385,2341
659386,3134
659386,463
659386,481
659386,324
659386,2341
659387,378
659387,323
659387,480
659387,1219
659387,3134
659388,3134
659389,3134
659390,481
659390,324
659390,2341
659391,3134
659393,378
659393,323
659393,480
659393,449
659394,3134
659394,3132
659394,458
659394,3514
659394,317
659394,281
659396,3518
659396,447
659396,1249
659396,3134
659398,469
659398,3132
659398,458
659398,3514
659398,317
659398,281
659398,3490
659400,255
659400,261
659400,179
659400,3800
659401,3799
659401,3802
659401,180
659402,3799
659402,3802
659402,180
659402,256
659403,656
659403,241
659405,1160
659405,651
659405,656
659405,508
659405,3106
659405,3514
659405,782
659406,1160
659406,651
659406,656
659406,508
659406,3106
659406,3514
659406,782
659408,323
659408,3518
659408,3106
659408,509
659408,2816
659408,1175
659408,650
659408,665
659413,1160
659413,651
659414,323
659414,3518
659416,255
659416,261
659416,179
659416,3800
659417,255
659417,261
659417,2492
659417,3800
659419,3799
659419,3802
659419,2869
659419,262
659419,256
659420,3799
659420,3802
659420,180
659420,262
659420,256
659422,977
659422,1312
659425,1312
659427,480
659427,347
659427,2666
659427,897
659427,18
659427,864
659428,480
659428,347
659428,2666
659428,897
659428,18
659428,2010
659429,480
659429,347
659429,2666
659429,897
659429,18
659430,480
659430,2035
659430,350
659431,480
659431,2035
659431,350
659431,2010
659432,480
659432,2035
659432,350
659432,2010
659433,480
659433,2035
659433,350
659435,480
659435,347
659435,2666
659435,897
659436,480
659436,347
659436,2666
659436,897
659437,480
659437,347
659437,2666
659437,897
659437,864
659438,378
659439,2274
659439,3415
659439,2828
659439,1740
659439,2815
659439,324
659439,396
659439,2342
659440,2274
659440,3415
659440,2828
659440,1740
659440,2815
659441,2274
659441,3415
659441,2828
659441,1740
659441,2815
659442,378
659442,864
659442,2816
659442,546
659442,1741
659442,711
659442,2305
659443,2815
659443,324
659443,396
659443,2342
659444,1740
659444,2815
659444,324
659444,396
659444,2342
659445,2274
659445,3415
659445,2828
659447,378
659447,864
659447,2816
659449,711
659449,2305
659450,1901
659450,613
659452,1901
659452,613
659452,620
659453,1901
659454,635
659454,1892
659454,603
659454,1900
659456,635
659456,1892
659456,603
659456,1900
659457,635
659457,1892
659457,603
659457,1900
659458,635
659458,1892
659458,603
659458,1900
659459,635
659459,1892
659459,603
659459,1900
659460,635
659460,1892
659460,603
659460,1900
659461,635
659461,1892
659461,603
659461,1900
659462,1892
659462,603
659462,1900
659463,1892
659463,603
659463,1900
659464,620
659465,620
659465,3144
659466,635
659467,635
659470,94
659470,1125
659470,3762
659470,216
659470,226
659470,240
659471,94
659471,1125
659471,3762
659471,216
659471,226
659472,799
659472,94
659472,1125
659472,3762
659472,216
659472,226
659475,94
659475,1125
659475,3762
659476,242
659476,884
659476,217
659476,115
659476,91
659476,3136
659478,242
659478,884
659478,217
659478,115
659478,91
659479,242
659479,884
659479,217
659479,115
659479,91
659479,3136
659480,115
659480,91
659481,115
659481,91
659481,3136
659482,94
659482,1125
659482,3762
659487,3105
659487,509
659487,547
659488,1901
659488,604
659488,711
659489,1901
659489,604
659489,711
659490,3415
659490,2828
659490,603
659490,1900
659491,1248
659491,711
659493,711
659494,711
659495,3415
659495,2828
659495,613
659497,1901
659497,602
659498,603
659498,1900
659499,3415
659499,2828
659499,1819
659499,617
659499,1330
659499,3517
659503,1819
659503,617
659503,1330
659503,3517
659504,1819
659504,617
659504,1330
659505,1248
659505,711
659506,3415
659506,2828
659506,613
659509,1160
659509,639
659509,620
659509,1892
659509,568
659510,1160
659510,3798
659510,639
659510,620
659510,1892
659510,567
659511,568
659511,1189
659511,613
659511,619
659511,637
659511,644
659511,1329
659511,665
659512,1160
659512,3798
659512,639
659512,620
659512,1892
659512,568
659512,1034
659512,1701
659513,1160
659513,3798
659513,639
659513,620
659513,1892
659513,1034
659513,1701
659513,567
659514,3798
659514,639
659514,620
659514,1892
659514,1034
659514,1701
659514,567
659515,1160
659515,3798
659515,639
659515,620
659515,1892
659515,2117
659515,568
659517,1160
659517,3798
659517,639
659517,620
659517,1892
659517,2117
659517,567
659518,1034
659518,1701
659518,567
659518,1189
659518,613
659518,619
659518,637
659518,644
659518,1329
659518,665
659519,568
659519,2117
659519,613
659519,619
659519,637
659519,644
659519,1329
659519,665
659520,568
659520,1034
659520,1701
659520,2117
659520,613
659520,619
659520,637
659520,644
659520,1329
659520,665
659521,567
659521,2117
659521,613
659521,619
659521,637
659521,644
659521,1329
659521,665
659522,568
659523,567
659523,2117
659524,568
659524,613
659524,619
659524,637
659524,644
659525,567
659525,613
659525,619
659525,637
659525,644
659526,1160
659527,3798
659527,639
659527,620
659527,1892
659527,567
659528,1329
659528,665
659530,214
659530,228
659530,1176
659531,214
659531,228
659531,1176
659534,256
659534,3806
659537,255
659538,256
659538,240
659541,638
659543,637
659543,666
659543,212
659543,195
659543,179
659545,637
659546,3415
659546,2828
659547,711
659548,603
659548,1900
659549,1901
659549,602
659550,447
659550,1249
659550,3134
659551,1125
659551,788
659551,216
659551,226
659551,240
659551,1330
659551,3107
659551,447
659551,1249
659551,3134
659552,1249
659552,3134
659554,788
659554,216
659554,226
659554,240
659554,1330
659554,3107
659555,788
659555,2554
659556,1125
659556,788
659556,216
659556,226
659556,240
659556,1330
659560,216
659560,226
659560,240
659560,1330
659562,469
659562,3132
659562,2119
659562,3104
659562,547
659562,242
659562,884
659562,217
659563,2119
659563,3104
659563,547
659563,242
659563,884
659563,217
659563,2479
659564,3134
659564,3132
659564,2119
659564,509
659564,547
659564,1175
659566,3134
659566,3132
659566,2119
659566,3104
659566,547
659566,242
659566,884
659566,217
659566,2479
659567,2119
659567,3104
659567,547
659567,242
659567,884
659567,217
659567,788
659569,547
659569,242
659569,884
659569,217
659569,788
659570,788
659570,2554
659573,637
659573,668
659575,667
659575,3798
659575,636
659577,324
659577,3138
659577,3402
659577,3406
659578,324
659578,3138
659578,3402
659578,3406
659580,3405
659580,3404
659580,3402
659580,3403
659580,864
659581,3405
659581,3404
659581,3402
659581,3403
659581,864
659581,323
659582,3405
659582,3404
659582,3402
659582,3403
659582,864
659582,323
659583,1125
659583,114
659583,211
659583,240
659584,1125
659584,114
659585,242
659585,212
659585,115
659585,1025
659586,115
659586,1025
659589,3514
659589,2816
659589,3797
659589,255
659590,256
659591,115
659591,1139
659591,981
659592,994
659594,115
659594,1139
659594,981
659594,799
659594,1025
659596,91
659596,798
659596,994
659597,994
659598,115
659598,1139
659598,981
659598,799
659598,1025
659599,3574
659600,255
659600,261
659600,179
659600,3222
659602,3221
659602,180
659602,262
659602,256
659603,3221
659603,180
659603,262
659603,256
659603,3806
659603,901
659604,1219
659604,472
659605,3518
659605,1218
659605,1219
659605,472
659605,3294
659606,1219
659606,472
659606,3294
659607,3295
659607,475
659607,471
659607,463
659607,458
659607,3514
659609,475
659609,471
659609,463
659610,469
659610,2905
659615,3134
659615,3132
659615,458
659615,3514
659615,317
659615,281
659615,1906
659615,3490
659616,316
659616,3518
659616,1249
659616,3134
659617,636
659617,818
659617,242
659617,255
659618,526
659618,529
659618,538
659619,526
659619,538
659619,3272
659620,526
659620,529
659620,538
659620,3272
659621,526
659621,538
659622,539
659622,527
659623,3272
659623,539
659623,527
659624,539
659624,528
659624,527
659625,1160
659627,665
659629,481
659629,3526
659632,2028
659632,884
659632,212
659633,1142
659633,228
659633,1176
659634,2274
659634,3415
659634,2828
659634,613
659635,1142
659635,228
659635,1176
659635,613
659636,1142
659636,228
659637,1142
659638,2836
659639,1248
659639,711
659639,2305
659640,884
659640,212
659643,3517
659643,480
659644,480
659645,481
659645,3526
659646,2275
659647,2276
659647,3415
659648,3422
659648,2013
659649,3422
659649,2013
659649,761
659650,2506
659654,760
659654,1230
659654,2711
659654,3419
659654,735
659654,2935
659654,2646
659655,2506
659655,3422
659655,2013
659656,1289
659656,2029
659656,637
659656,668
659656,2172
659656,675
659657,674
659657,3811
659657,667
659657,642
659657,636
659657,1176
659658,1289
659658,2029
659658,637
659658,668
659659,674
659659,3811
659660,667
659660,642
659660,636
659660,1176
659661,2172
659661,675
659662,1289
659662,2029
659662,637
659662,668
659662,2172
659662,675
659663,674
659663,3811
659663,667
659663,642
659663,636
659663,1176
659664,1289
659664,2029
659664,637
659664,668
659665,674
659665,3811
659666,667
659666,642
659666,636
659666,1176
659667,2172
659667,675
659668,635
659668,637
659668,666
659668,212
659668,255
659668,271
659668,2863
659669,284
659669,2861
659669,1149
659669,256
659669,1142
659669,824
659669,639
659669,620
659671,2861
659671,1149
659671,256
659671,1142
659671,824
659672,26
659672,445
659672,2119
659672,319
659672,2855
659672,255
659673,256
659673,1151
659673,318
659673,447
659673,27
659674,242
659674,884
659674,217
659674,212
659674,3547
659674,2884
659675,251
659675,1759
659675,1142
659675,216
659675,226
659675,240
659676,3412
659676,3547
659676,256
659676,1151
659676,305
659676,324
659677,323
659677,304
659677,2855
659677,255
659677,1759
659677,3416
659678,2863
659678,316
659678,2816
659678,1178
659678,613
659678,619
659679,635
659679,1819
659679,617
659679,2815
659679,317
659679,281
659680,636
659680,818
659680,241
659680,494
659680,781
659681,782
659681,952
659681,1782
659681,638
659682,1901
659682,604
659682,711
659682,2305
659683,2274
659683,3415
659683,2828
659683,603
659683,1900
659684,576
659684,567
659685,582
659685,568
659685,575
659685,1740
659686,55
659686,2274
659686,2304
659686,3415
659686,2828
659686,3239
659686,1740
659686,1330
659686,2954
659686,508
659686,3102
659686,3514
659686,2861
659686,1149
659686,251
659687,2884
659687,271
659687,2863
659687,3518
659687,3102
659687,509
659687,2953
659687,546
659687,1741
659687,3240
659687,711
659687,2273
659687,2305
659688,619
659688,637
659688,668
659688,2172
659689,2173
659689,667
659689,3798
659689,639
659689,620
659690,647
659690,639
659690,620
659690,1248
659690,711
659690,2305
659691,51
659691,2274
659691,3415
659691,2828
659691,613
659691,619
659691,638
659691,700
659692,637
659692,656
659692,1330
659692,3517
659692,480
659693,481
659693,3526
659693,547
659693,1175
659693,638
659694,637
659694,656
659694,242
659694,255
659695,256
659695,240
659695,1175
659695,1318
659695,636
659696,255
659696,271
659696,281
659696,378
659697,2342
659697,2861
659697,1149
659697,256
659698,884
659698,217
659698,2479
659698,115
659699,114
659699,788
659699,216
659699,226
659700,636
659700,818
659700,508
659700,3106
659700,3514
659700,1000
659700,2342
659701,864
659701,323
659701,3518
659701,3106
659701,509
659701,2816
659701,1782
659701,638
659702,3797
659702,255
659703,256
659703,3806
659704,3412
659704,1306
659704,2863
659704,781
659704,2527
659705,2528
659705,782
659705,2855
659705,1174
659705,3416
659705,116
659706,2880
659706,553
659706,1740
659706,1330
659706,508
659706,3105
659706,3514
659706,242
659706,212
659706,129
659706,1251
659707,3008
659707,891
659707,1138
659707,211
659707,240
659707,3105
659707,509
659707,546
659707,1743
659707,554
659708,803
659708,553
659708,1740
659708,1330
659708,508
659708,3103
659708,480
659709,2528
659709,481
659709,3103
659709,509
659709,546
659709,1743
659709,554
659710,891
659710,1138
659710,3412
659710,211
659710,240
659710,3518
659710,3104
659710,509
659710,546
659710,27
659711,26
659711,1330
659711,508
659711,3104
659711,3514
659711,242
659711,212
659711,3416
659711,1251
659712,1215
659712,481
659712,3104
659712,509
659712,3805
659712,255
659712,2978
659712,3801
659713,3802
659713,2973
659713,256
659713,3806
659713,508
659713,3103
659713,480
659713,2035
659714,636
659714,818
659714,508
659714,3106
659714,3514
659714,396
659715,864
659715,323
659715,3518
659715,3106
659715,509
659715,2816
659715,1782
659715,638
659716,16
659716,256
659716,1151
659716,494
659716,3518
659716,3102
659716,509
659716,546
659716,613
659716,619
659716,637
659717,3811
659717,639
659717,620
659717,1819
659717,1330
659717,508
659717,3102
659717,3514
659717,1154
659717,255
659717,15
659718,1230
659718,3415
659718,2828
659718,1819
659718,1330
659718,508
659718,3107
659718,3514
659718,2816
659718,1154
659718,281
659719,1151
659719,494
659719,2815
659719,3518
659719,3102
659719,509
659719,841
659719,1248
659719,711
659720,216
659720,226
659720,240
659720,305
659720,781
659721,782
659721,304
659721,242
659721,884
659721,217
659722,378
659722,323
659722,480
659722,1219
659722,3134
659723,3134
659723,463
659723,481
659723,324
659723,2341
659724,3134
659724,3132
659724,458
659724,3514
659724,317
659724,281
659724,3490
659725,3489
659725,2863
659725,316
659725,3518
659725,447
659725,1249
659725,3134
659726,255
659726,261
659726,179
659726,3800
659727,3799
659727,3802
659727,180
659727,256
659728,1160
659728,651
659728,656
659728,508
659728,3106
659728,3514
659728,782
659729,323
659729,3518
659729,3106
659729,509
659729,2816
659729,1175
659729,650
659729,665
659730,255
659730,261
659730,179
659730,3800
659731,3799
659731,3802
659731,180
659731,262
659731,256
659732,977
659732,1312
659733,241
659733,494
659734,480
659734,347
659734,2666
659734,897
659734,18
659735,18
659735,896
659735,1215
659735,481
659736,480
659736,2035
659736,350
659737,3807
659737,349
659737,1215
659737,481
659738,480
659738,347
659738,2666
659738,897
659739,896
659739,348
659739,1215
659739,481
659740,378
659740,864
659740,2816
659740,546
659740,1741
659740,711
659740,2305
659741,2274
659741,3415
659741,2828
659741,1740
659741,2815
659741,324
659741,396
659741,2342
659742,1901
659742,613
659742,620
659743,635
659743,1892
659743,603
659743,1900
659744,242
659744,884
659744,217
659744,115
659744,91
659745,94
659745,1125
659745,3762
659745,216
659745,226
659746,3105
659746,509
659746,841
659746,804
659746,576
659746,567
659747,575
659747,977
659747,1330
659747,3105
659748,1901
659748,604
659748,711
659749,3415
659749,2828
659749,603
659749,1900
659750,3526
659750,546
659750,1178
659750,1248
659750,711
659751,3415
659751,2828
659751,1819
659751,617
659751,1330
659751,3517
659752,1160
659752,3798
659752,639
659752,620
659752,1892
659752,568
659753,567
659753,1189
659753,613
659753,619
659753,637
659753,644
659753,1329
659753,665
659754,2028
659754,884
659754,215
659755,214
659755,228
659755,1176
659756,3797
659756,255
659757,256
659757,3806
659758,637
659758,666
659758,212
659758,195
659758,179
659759,180
659759,1759
659759,1142
659759,824
659759,638
659760,1125
659760,788
659760,216
659760,226
659760,240
659760,1330
659760,508
659760,3107
659760,447
659760,1249
659760,3134
659761,469
659761,3132
659761,2119
659761,3104
659761,547
659761,242
659761,884
659761,217
659761,2479
659762,637
659762,668
659762,1074
659763,3811
659763,667
659763,3798
659763,636
659764,324
659764,3138
659764,3402
659764,3406
659764,3405
659764,3404
659764,3403
659766,242
659766,212
659766,115
659766,1025
659767,1125
659767,114
659767,211
659768,3526
659768,3797
659768,255
659769,256
659769,3806
659770,115
659770,1139
659770,981
659770,799
659770,1025
659771,91
659771,798
659771,994
659772,3805
659772,255
659772,261
659772,179
659772,3222
659773,3221
659773,180
659773,262
659773,256
659773,3806
659774,3518
659774,1218
659774,1219
659774,472
659775,475
659775,471
659775,463
659775,458
659775,3514
659776,518
659776,436
659776,3134
659777,469
659777,2905
659777,435
659777,1011
659778,2863
659778,316
659778,3518
659778,1249
659778,3134
659779,3134
659779,3132
659779,458
659779,3514
659779,317
659779,281
659779,1906
659780,636
659780,818
659780,242
659780,255
659780,3235
659781,256
659781,240
659781,1782
659781,639
659782,526
659782,538
659783,539
659783,527
659784,665
659785,1160
659786,553
659786,1742
659786,3517
659786,480
659787,481
659787,3526
659787,1743
659787,554
659788,952
659789,1313
659789,1742
659790,2274
659790,3415
659790,2828
659790,1819
659790,2028
659790,884
659790,212
659791,1142
659791,228
659791,1176
659791,1248
659791,711
659791,2305
659792,481
659792,3526
659792,1743
659792,554
659793,553
659793,1742
659793,480
659794,3421
659794,2275
659795,2276
659795,3415
659795,2771
659798,256
659798,1142
659798,824
659798,639
659800,284
659800,2861
659800,1149
659800,256
659800,205
659800,1142
659800,824
659802,666
659802,212
659802,255
659802,271
659802,2863
659804,639
659804,620
659805,635
659805,637
659806,637
659808,1963
659808,3182
659809,666
659809,212
659809,255
659809,271
659809,281
659811,2861
659811,1149
659811,256
659811,1142
659811,824
659814,2861
659814,1149
659814,256
659814,1142
659814,824
659814,879
659815,2861
659815,1149
659821,1963
659821,3182
659823,666
659823,212
659823,255
659823,271
659823,281
659824,445
659824,2119
659824,319
659824,2855
659824,255
659825,256
659825,1151
659825,318
659825,447
659826,1151
659826,318
659826,447
659826,27
659827,318
659827,447
659828,447
659828,27
659829,256
659830,445
659830,2119
659830,319
659830,2855
659830,255
659831,26
659831,445
659831,2119
659831,319
659831,2855
659831,255
659832,26
659832,445
659832,2119
659832,319
659833,26
659833,445
659833,2119
659833,319
659834,26
659834,445
659834,2119
659834,319
659836,255
659837,255
659839,251
659839,1759
659839,1142
659839,216
659839,226
659839,240
659840,251
659840,1759
659840,1142
659840,216
659840,226
659840,240
659841,818
659841,241
659843,212
659843,3547
659843,2884
659844,251
659844,1759
659844,1142
659845,242
659845,884
659845,217
659845,212
659845,3547
659845,2884
659846,978
659846,952
659847,978
659849,305
659849,324
659850,323
659850,304
659850,2855
659850,255
659850,1759
659850,3416
659852,1151
659852,305
659852,324
659853,1151
659853,305
659853,324
659854,3412
659854,3547
659854,256
659854,1151
659854,305
659854,324
659858,1151
659858,305
659858,324
659859,323
659859,304
659859,2855
659860,323
659860,304
659863,620
659863,1819
659863,617
659863,2815
659863,317
659863,281
659864,620
659865,620
659866,2863
659866,316
659866,2816
659866,1178
659866,613
659866,619
659867,635
659868,635
659870,1178
659870,613
659870,619
659871,782
659871,952
659871,1782
659871,638
659872,638
659873,638
659874,636
659874,818
659874,241
659874,494
659874,781
659876,637
659880,1901
659880,604
659880,711
659880,2305
659881,604
659881,711
659881,2305
659882,1901
659883,711
659883,2305
659884,603
659884,1900
659885,2274
659885,3415
659885,2828
659886,582
659886,568
659886,575
659887,582
659887,568
659887,575
659887,1740
659887,874
659887,613
659888,576
659888,567
659890,582
659890,568
659897,1819
659897,1743
659898,1819
659898,1743
659900,55
659900,2796
659900,2274
659900,2304
659900,3415
659900,2828
659900,3239
659900,1740
659900,1330
659900,2954
659900,508
659904,2273
659904,2305
659905,1149
659905,251
659906,55
659906,2796
659906,2274
659906,2304
659906,3415
659906,2828
659906,3239
659906,1740
659906,1330
659906,2954
659906,508
659906,3102
659906,3514
659906,2861
659906,1149
659906,251
659907,55
659907,2274
659907,2304
659907,3415
659907,2828
659908,2274
659908,2304
659908,3415
659908,2828
659908,637
659909,55
659909,2796
659909,2274
659909,2304
659909,3415
659909,2828
659909,637
659910,2884
659910,271
659910,2863
659910,3518
659910,3102
659910,509
659910,2953
659910,546
659910,1741
659910,711
659910,2273
659910,2305
659910,2796
659911,2861
659911,1906
659911,1149
659911,251
659913,509
659913,2953
659913,546
659913,1741
659914,786
659914,116
659915,786
659915,116
659915,788
659916,786
659916,1142
659918,619
659918,637
659919,2173
659920,639
659920,620
659921,667
659921,3798
659921,639
659921,620
659922,2172
659923,619
659923,638
659924,51
659924,2274
659924,3415
659924,2828
659924,613
659924,619
659924,638
659926,647
659926,637
659927,639
659927,620
659927,1248
659927,711
659927,2305
659928,2305
659929,638
659929,700
659930,481
659930,3526
659930,547
659930,1175
659930,638
659931,481
659931,3526
659931,547
659931,1175
659931,638
659932,637
659933,638
659934,656
659934,1330
659934,3517
659934,480
659935,481
659935,3526
659935,547
659935,1175
659936,637
659936,656
659936,242
659936,255
659937,637
659937,656
659937,242
659937,255
659938,637
659939,636
659940,656
659940,242
659940,255
659941,256
659941,240
659941,1175
659941,1165
659942,2861
659942,1149
659942,256
659943,2342
659943,2861
659943,1149
659943,256
659944,255
659944,271
659944,281
659944,378
659944,1153
659945,1153
659945,2342
659945,2861
659945,1149
659945,256
659946,1153
659946,2342
659946,2861
659946,1149
659946,256
659947,2342
659947,2861
659947,1149
659947,256
659950,1153
659950,2342
659950,2861
659950,1149
659950,256
659951,255
659951,271
659951,281
659951,378
659953,255
659953,271
659953,281
659954,255
659954,271
659954,281
659954,378
659954,1153
659957,2342
659958,255
659958,2973
659963,114
659963,788
659963,216
659963,226
659964,114
659964,788
659964,216
659964,226
659964,952
659964,1782
659965,114
659965,788
659965,216
659965,226
659965,952
659965,1782
659966,818
659966,242
659966,884
659966,217
659966,2479
659966,115
659968,271
659968,281
659970,864
659970,323
659970,3518
659970,3106
659971,864
659971,323
659971,3518
659971,3106
659971,509
659971,2816
659971,1782
659971,638
659973,256
659973,3806
659974,256
659974,3806
659975,256
659978,613
659979,255
659981,3412
659981,1306
659981,2863
659981,781
659981,2527
659982,3131
659983,1306
659983,2863
659983,781
659983,2527
659988,2528
659988,782
659990,2880
659990,553
659990,1740
659990,1330
659990,508
659993,509
659994,3008
659994,891
659994,1138
659994,211
659994,240
659994,3518
659995,2880
659995,553
659995,804
659995,637
659996,553
659996,1740
659996,1330
659996,508
659996,3103
659996,480
659999,803
659999,553
659999,1740
659999,1330
659999,508
660000,509
660002,2528
660002,481
660002,3103
660002,509
660002,546
660002,1743
660002,554
660003,2528
660003,481
660003,509
660003,547
660006,891
660006,1138
660006,3412
660006,211
660006,240
660006,3518
660007,509
660007,546
660007,27
660008,1138
660008,3412
660008,211
660008,240
660009,3514
660009,242
660009,212
660009,3416
660009,1251
660010,26
660010,1330
660010,508
660010,3104
660010,3514
660010,242
660010,212
660010,3416
660012,26
660012,1330
660012,508
660013,26
660013,1330
660013,545
660013,543
660013,1175
660014,1215
660015,1215
660015,481
660016,3802
660016,2973
660016,256
660016,3806
660016,508
660016,3103
660016,480
660016,2035
660018,3802
660018,2973
660018,256
660018,3806
660018,508
660020,480
660020,2035
660023,256
660023,3806
660023,508
660025,256
660025,3806
660025,508
660026,509
660026,3805
660026,255
660028,1215
660028,481
660029,782
660029,315
660029,952
660029,1782
660030,636
660030,818
660030,508
660030,3106
660030,3514
660032,509
660032,2816
660032,1782
660032,638
660033,3514
660033,396
660034,782
660035,864
660035,323
660035,3518
660035,3106
660035,509
660035,2816
660035,1782
660035,638
660039,639
660039,620
660039,1819
660039,1330
660039,508
660040,3514
660040,1154
660040,255
660040,15
660041,16
660041,256
660041,1151
660041,494
660041,3518
660041,3102
660042,16
660042,256
660042,1151
660042,494
660042,3518
660043,635
660043,1819
660043,1330
660043,508
660043,3102
660043,3514
660043,1154
660043,255
660043,15
660044,16
660044,256
660044,1151
660044,494
660044,3518
660044,3102
660044,509
660044,546
660044,613
660044,619
660046,509
660046,546
660046,613
660046,619
660046,637
660046,3833
660047,635
660047,637
660048,509
660048,546
660048,613
660048,619
660048,637
660049,546
660049,613
660049,619
660049,637
660050,546
660050,613
660050,619
660050,637
660051,546
660051,613
660051,619
660051,637
660052,3833
660052,3811
660052,638
660056,1230
660056,3415
660056,2828
660056,1819
660056,1330
660056,508
660056,3107
660056,3514
660056,2816
660056,1154
660056,281
660061,1230
660061,3415
660061,2828
660061,1819
660061,1330
660061,508
660062,2855
660062,205
660064,1230
660064,3415
660064,2828
660064,613
660064,637
660065,1248
660065,711
660066,509
660066,841
660066,1248
660066,711
660068,782
660068,304
660068,242
660068,884
660068,217
660070,216
660070,226
660070,240
660070,305
660070,781
660072,782
660072,304
660072,242
660072,884
660072,217
660077,378
660077,323
660077,480
660077,1219
660077,3134
660078,3134
660078,463
660078,481
660078,324
660078,2341
660079,481
660079,324
660079,2341
660081,3134
660081,463
660081,481
660081,324
660081,2341
660082,378
660082,323
660082,480
660082,1219
660082,3134
660088,378
660088,323
660088,480
660088,449
660089,3134
660089,3132
660089,458
660089,3514
660089,317
660089,281
660092,3518
660092,447
660092,1249
660092,3134
660093,469
660093,3132
660093,458
660093,3514
660093,317
660093,281
660093,3490
660094,3799
660094,3802
660094,180
660094,256
660096,3799
660096,3802
660096,180
660100,1160
660100,651
660100,656
660100,508
660100,3106
660100,3514
660100,782
660101,1160
660101,651
660101,656
660101,508
660101,3106
660101,3514
660101,782
660103,323
660103,3518
660103,3106
660103,509
660103,2816
660103,1175
660103,650
660103,665
660108,1160
660108,651
660109,323
660109,3518
660111,255
660111,261
660111,179
660111,3800
660113,3799
660113,3802
660113,180
660113,262
660113,256
660115,3799
660115,3802
660115,180
660115,262
660115,256
660117,977
660117,1312
660118,241
660118,494
660119,494
660120,1312
660122,480
660122,347
660122,2666
660122,897
660122,18
660122,864
660123,480
660123,347
660123,2666
660123,897
660123,18
660123,2010
660124,480
660124,347
660124,2666
660124,897
660124,18
660125,480
660125,2035
660125,350
660126,480
660126,2035
660126,350
660126,2010
660128,480
660128,2035
660128,350
660129,3807
660129,349
660129,1215
660129,481
660130,480
660130,347
660130,2666
660130,897
660131,480
660131,347
660131,2666
660131,897
660132,480
660132,347
660132,2666
660132,897
660132,864
660133,378
660135,2274
660135,3415
660135,2828
660135,1740
660135,2815
660136,2274
660136,3415
660136,2828
660136,1740
660136,2815
660137,378
660137,864
660137,2816
660137,546
660137,1741
660137,711
660137,2305
660138,2815
660138,324
660138,396
660138,2342
660139,1740
660139,2815
660139,324
660139,396
660139,2342
660140,2274
660140,3415
660140,2828
660141,2274
660144,711
660144,2305
660145,1901
660145,613
660146,1901
660146,613
660148,1901
660150,635
660156,635
660156,1892
660156,603
660156,1900
660157,1892
660157,603
660157,1900
660158,1892
660158,603
660158,1900
660159,620
660161,635
660163,94
660163,1125
660163,3762
660163,216
660163,226
660164,884
660164,217
660164,115
660164,91
660165,94
660165,1125
660165,3762
660165,216
660165,226
660165,240
660166,94
660166,1125
660166,3762
660166,216
660166,226
660167,799
660167,94
660167,1125
660167,3762
660167,216
660167,226
660169,799
660169,94
660169,1125
660169,3762
660169,216
660169,226
660171,242
660171,884
660171,217
660171,115
660171,91
660171,3136
660172,884
660172,217
660172,115
660172,91
660172,3136
660173,242
660173,884
660173,217
660173,115
660173,91
660174,242
660174,884
660174,217
660174,115
660174,91
660174,3136
660175,115
660175,91
660176,115
660176,91
660176,3136
660182,3105
660182,509
660182,547
660184,1901
660184,604
660184,711
660185,3415
660185,2828
660185,603
660185,1900
660186,1248
660186,711
660187,1248
660187,711
660190,3415
660190,2828
660190,613
660193,603
660193,1900
660194,3415
660194,2828
660194,1819
660194,617
660194,1330
660194,3517
660198,1819
660198,617
660198,1330
660198,3517
660199,1819
660199,617
660199,1330
660200,1248
660200,711
660201,3415
660201,2828
660201,613
660204,1160
660204,639
660204,620
660204,1892
660204,568
660205,1160
660205,3798
660205,639
660205,620
660205,1892
660205,567
660206,568
660206,1189
660206,613
660206,619
660206,637
660206,644
660206,1329
660206,665
660219,568
660219,613
660219,619
660219,637
660219,644
660220,567
660220,613
660220,619
660220,637
660220,644
660221,1160
660223,1329
660223,665
660236,638
660238,637
660238,666
660238,212
660238,195
660238,179
660240,637
660241,447
660241,1249
660241,3134
660242,1125
660242,788
660242,216
660242,226
660242,240
660242,1330
660242,3107
660242,447
660242,1249
660242,3134
660243,1249
660243,3134
660245,788
660245,216
660245,226
660245,240
660245,1330
660245,3107
660246,788
660246,2554
660247,1125
660247,788
660247,216
660247,226
660247,240
660247,1330
660251,216
660251,226
660251,240
660251,1330
660253,469
660253,3132
660253,2119
660253,3104
660253,547
660253,242
660253,884
660253,217
660254,2119
660254,3104
660254,547
660254,242
660254,884
660254,217
660254,2479
660255,3134
660255,3132
660255,2119
660255,509
660255,547
660255,1175
660257,3134
660257,3132
660257,2119
660257,3104
660257,547
660257,242
660257,884
660257,217
660257,2479
660258,2119
660258,3104
660258,547
660258,242
660258,884
660258,217
660258,788
660260,547
660260,242
660260,884
660260,217
660260,788
660261,788
660261,2554
660266,667
660266,3798
660266,636
660272,3405
660272,3404
660272,3402
660272,3403
660272,864
660272,323
660273,3405
660273,3404
660273,3402
660273,3403
660273,864
660273,323
660274,1125
660274,114
660274,211
660274,240
660275,1125
660275,114
660276,242
660276,212
660276,115
660276,1025
660277,115
660277,1025
660280,3514
660280,2816
660280,3797
660280,255
660281,256
660285,115
660285,1139
660285,981
660285,799
660285,1025
660287,91
660287,798
660287,994
660289,115
660289,1139
660289,981
660289,799
660289,1025
660296,3518
660296,1218
660296,1219
660296,472
660296,3294
660298,3295
660298,475
660298,471
660298,463
660298,458
660298,3514
660304,469
660304,3132
660304,458
660304,3514
660304,317
660304,281
660304,1906
660305,2863
660305,316
660305,3518
660305,1249
660305,3134
660307,316
660307,3518
660307,1249
660307,3134
660308,636
660308,818
660308,242
660308,255
660312,526
660312,538
660313,539
660313,527
660315,539
660315,528
660315,527
660333,553
660333,1742
660333,3517
660333,480
660333,2527
660334,3517
660334,480
660337,2275
660338,2276
660338,3415
660339,3518
660339,449
660339,472
660339,3269
660339,3276
660339,3316
660340,3308
660340,26
660341,27
660341,3287
660341,3300
660342,3305
660342,3269
660342,471
660342,3514
660343,3518
660343,449
660343,472
660343,3269
660343,3304
660343,3276
660344,3305
660344,3274
660344,3269
660344,471
660344,3514
660345,515
660345,518
660345,27
660345,3287
660345,3313
660346,3280
660346,3308
660346,26
660347,3518
660347,449
660347,472
660347,3269
660347,3276
660347,3341
660347,3316
660348,3518
660348,449
660348,472
660348,3302
660348,3332
660352,3518
660352,449
660352,472
660352,3269
660352,3304
660352,3276
660354,3518
660354,449
660354,472
660354,3349
660355,471
660356,3270
660356,3305
660356,3274
660356,3269
660356,471
660356,3514
660357,515
660357,518
660357,27
660357,3287
660357,3313
660357,3300
660358,3300
660358,3280
660358,3308
660358,26
660359,515
660359,518
660359,27
660359,3287
660359,3313
660359,3300
660360,3322
660360,3280
660360,3308
660360,26
660361,3322
660361,3367
660361,3300
660361,3280
660361,3308
660361,26
660362,515
660362,518
660362,27
660362,3287
660362,3313
660364,3300
660364,3280
660364,3308
660364,26
660383,515
660383,518
660383,27
660383,3287
660383,3313
660384,3280
660384,3308
660384,26
660385,3518
660385,449
660385,472
660385,3269
660385,3276
660385,3316
660386,3308
660386,26
660387,3518
660387,449
660387,472
660387,3269
660387,3304
660387,3276
660388,3305
660388,3274
660388,3269
660388,471
660388,3514
660389,27
660389,3287
660389,3300
660390,3305
660390,3269
660390,471
660390,3514
660401,3518
660401,449
660401,472
660401,3302
660401,3332
660402,3518
660402,449
660402,472
660402,3349
660402,3276
660402,3316
660403,3518
660403,449
660403,472
660403,3349
660403,3304
660403,3276
660406,3518
660406,449
660406,472
660407,3518
660407,449
660407,472
660407,3349
660408,471
660410,149
660411,148
660412,2716
660413,2715
660414,2251
660414,992
660415,1015
660416,2716
660416,2477
660417,2040
660418,2251
660418,895
660419,992
660419,1015
660420,72
660421,73
660422,73
660422,3467
660423,2838
660423,3476
660423,74
660424,149
660425,148
660425,2716
660426,149
660426,912
660427,148
660429,148
660429,2716
660430,153
660430,148
660431,153
660431,148
660432,153
660432,148
660432,2716
660435,2716
660437,2251
660440,1015
660441,1015
660441,2716
660443,2040
660443,2716
660444,992
660444,1015
660446,992
660446,1015
660446,2716
660447,895
660449,73
660450,73
660450,2716
660451,2838
660451,3476
660451,74
660451,798
660452,2838
660452,3476
660452,74
660453,2838
660453,3476
660453,74
660453,2716
660455,74
660459,73
660460,799
660460,73
660461,149
660461,153
660462,153
660462,148
660463,153
660463,148
660464,153
660464,148
660464,2716
660465,148
660466,148
660467,148
660467,2716
660469,149
660470,148
660471,2716
660472,2715
660473,2251
660473,992
660474,1015
660475,2251
660475,895
660476,992
660476,1015
660477,72
660478,73
660479,73
660479,3467
660481,149
660483,149
660483,912
660484,148
660485,148
660486,148
660486,2716
660487,153
660487,148
660488,153
660488,148
660489,153
660489,148
660489,2716
660492,2716
660493,1015
660497,1015
660498,1015
660498,2716
660499,992
660499,1015
660501,992
660501,1015
660501,2716
660502,895
660503,73
660504,73
660505,73
660505,2716
660507,2838
660507,3476
660507,74
660508,2838
660508,3476
660508,74
660508,2716
660509,2838
660509,3476
660509,74
660511,74
660512,74
660512,2716
660514,73
660520,148
660522,148
660522,2716
660523,148
660524,3276
660525,3332
660531,3276
660536,3332
660536,3367
660537,3332
