variant_id,is_main,equiv_main_variant_id,join_stop_id,disjoin_stop_id
635600,1,,,
635601,1,,,
636930,1,,,
636931,1,,,
636932,0,,,
636933,0,,,
636934,0,,,
636935,0,,,
636936,1,,,
636937,1,,,
636938,0,,,
636939,1,,,
636940,1,,,
636941,0,,,
636942,0,,,
636943,0,,,
636944,0,,,
636945,1,,,
636946,1,,,
637325,1,,,
637326,1,,,
640843,1,,,
640844,1,,,
640845,1,,,
640846,1,,,
640847,1,,,
640848,1,,,
640849,1,,,
640850,1,,,
640851,1,,,
640852,1,,,
640853,1,,,
640854,1,,,
640855,1,,,
640856,1,,,
640857,1,,,
640858,1,,,
640859,0,,,
640860,0,,,
640862,0,,,
640863,0,,,
640864,0,,,
640865,0,,,
640867,0,,,
640868,0,,,
640869,0,,,
640870,0,,,
640871,0,,,
640872,0,,,
640874,0,,,
640875,0,,,
640876,0,,,
640877,0,,,
640880,0,,,
640881,0,,,
640883,0,,,
640885,0,,,
640886,0,,,
640887,0,,,
640888,0,,,
640889,0,,,
640891,0,,,
640895,0,,,
640896,0,,,
640897,1,,,
640898,1,,,
640899,1,,,
640900,1,,,
640901,1,,,
640902,1,,,
640903,1,,,
640905,1,,,
640906,1,,,
640907,1,,,
640908,1,,,
640909,1,,,
640911,0,,,
640912,0,,,
640913,0,,,
640914,0,,,
640915,0,,,
640917,0,,,
640918,0,,,
640919,0,,,
640921,0,,,
640926,0,,,
640927,0,,,
640929,0,,,
640930,0,,,
640931,0,,,
640933,0,,,
640934,0,,,
640935,0,,,
640936,0,,,
640938,0,,,
640939,0,,,
640940,0,,,
640942,0,,,
640943,0,,,
640945,0,,,
642903,1,,,
642904,1,,,
642905,1,,,
642906,1,,,
642907,1,,,
642908,1,,,
642909,1,,,
642910,1,,,
642911,1,,,
642912,1,,,
642913,1,,,
642914,1,,,
642915,1,,,
642916,1,,,
642917,1,,,
642918,1,,,
642919,1,,,
642920,1,,,
642921,1,,,
642922,1,,,
642923,1,,,
642924,1,,,
642925,1,,,
642926,1,,,
642927,1,,,
642928,1,,,
642929,1,,,
642930,1,,,
642931,1,,,
642932,1,,,
642933,1,,,
642934,1,,,
642935,1,,,
642936,1,,,
642937,1,,,
642938,1,,,
642939,1,,,
642940,1,,,
642941,1,,,
642942,1,,,
642943,1,,,
642944,1,,,
642947,0,,,
642950,0,,,
642951,0,642903,3523,
642952,0,642903,,1869
642953,0,,,
642954,0,,,
642959,0,,,
642961,0,642904,1414,
642963,0,642905,1479,
642966,0,,,
642968,0,642904,,1478
642970,0,,,
642971,0,,,
642972,0,642905,,
642973,0,,,
642974,0,642905,,
642975,0,,,
642976,0,642907,,1594
642978,0,,,
642980,0,642907,1479,
642981,0,642906,,
642984,0,,,
642986,0,642906,,1478
642987,0,,,
642989,0,642907,,1442
642990,0,,,
642993,0,,,
642994,0,642909,,1454
642995,0,,,
642997,0,642909,1418,
642998,0,642908,1636,
643000,0,,,
643002,0,642908,,1527
643003,0,642909,1528,
643005,0,642908,1581,
643007,0,642909,1528,
643008,0,642909,,1637
643009,0,,,
643010,0,642908,,1527
643012,0,,,
643013,0,,,
643016,0,642911,,1527
643017,0,642910,1528,
643018,0,,,
643019,0,,,
643021,0,642910,1528,
643025,0,642913,1564,
643026,0,642912,,1709
643027,0,642912,1496,
643028,0,642913,2033,
643032,0,,,
643033,0,642913,,1497
643036,0,642914,2033,
643038,0,642915,,1343
643039,0,642915,,1709
643040,0,642914,,1344
643041,0,642914,1619,
643042,0,642915,1660,
643045,0,,,
643047,0,642916,1470,
643048,0,,,
643049,0,642917,2959,
643050,0,642917,1609,
643052,0,642916,,1610
643056,0,,,
643059,0,642918,1636,
643061,0,642919,1609,
643064,0,642918,,1610
643065,0,642919,,1637
643066,0,642918,,1420
643067,0,642919,,1637
643068,0,642918,1636,
643071,0,642920,,1527
643072,0,642920,1623,
643073,0,642921,1680,
643075,0,642921,1528,
643076,0,642921,,1396
643077,0,642922,1680,
643080,0,,,
643081,0,,,
643082,0,642922,,1680
643083,0,642923,1868,
643089,0,642924,,2818
643091,0,642925,,2817
643093,0,642924,1564,
643094,0,642924,1633,
643095,0,642924,,1442
643097,0,642925,1614,
643099,0,,,
643102,0,642925,1414,
643106,0,642925,,1580
643107,0,,,
643112,0,642926,,1396
643113,0,,,
643117,0,,,
643118,0,,,
643120,0,,,
643122,0,642928,1411,
643123,0,642927,3523,
643124,0,642927,1409,
643128,0,642928,,2820
643129,0,642927,,1412
643131,0,,,
643132,0,,,
643133,0,642930,,1637
643134,0,,,
643135,0,,,
643136,0,642929,,1420
643137,0,642929,,1420
643138,0,642929,,1420
643139,0,642930,,1637
643140,0,642930,1419,
643141,0,642930,1419,
643142,0,642929,1636,
643143,0,,,
643144,0,642929,1636,
643145,0,,,
643146,0,642930,1419,
643148,0,,,
643149,0,642931,1581,
643150,0,642932,,1547
643152,0,,,
643155,0,642931,1636,
643156,0,642931,1548,
643158,0,642931,1548,
643159,0,642931,1636,
643160,0,642932,1419,
643162,0,642931,,1420
643163,0,642933,,2819
643164,0,642934,,3521
643165,0,642934,1411,
643167,0,642933,,1412
643168,0,642934,,1420
643169,0,642934,,2820
643170,0,642933,2959,
643171,0,642935,,1542
643172,0,642936,1430,
643173,0,642935,,1412
643174,0,642936,1411,
643176,0,642935,1482,
643177,0,642936,,1483
643178,0,,,
643179,0,642936,,1410
643180,0,,,
643181,0,,,
643183,0,642938,,3545
643184,0,642937,1457,
643185,0,642938,1623,
643186,0,,,
643187,0,,,
643190,0,642937,,1396
643191,0,642938,,1454
643192,0,642940,1541,
643193,0,642939,,2819
643195,0,642940,,2820
643196,0,642939,1397,
643198,0,642942,,2820
643199,0,642941,,2819
643200,0,642941,1397,
643201,0,642942,1541,
643202,0,642943,,1343
643204,0,,,
643205,0,642943,,1478
643207,0,,,
643208,0,642944,1619,
643209,0,642944,1479,
643210,0,,,
643211,0,642943,1660,
643214,0,642944,,1344
643216,1,,,
643217,1,,,
643218,1,,,
643219,1,,,
643220,1,,,
643221,1,,,
643222,1,,,
643223,1,,,
643224,1,,,
643225,1,,,
643226,1,,,
643227,1,,,
643228,1,,,
643229,1,,,
643230,1,,,
643231,1,,,
643232,1,,,
643233,1,,,
643234,1,,,
643235,1,,,
643236,1,,,
643237,1,,,
643238,1,,,
643239,1,,,
643240,1,,,
643241,1,,,
643242,1,,,
643243,1,,,
643244,1,,,
643245,1,,,
643246,1,,,
643247,1,,,
643248,1,,,
643249,1,,,
643250,1,,,
643251,1,,,
643252,1,,,
643253,1,,,
643254,1,,,
643255,1,,,
643256,1,,,
643257,1,,,
643263,0,,,
643265,0,642903,,1869
643266,0,,,
643274,0,642904,1414,
643276,0,642905,1479,
643279,0,,,
643281,0,642904,,1478
643283,0,,,
643284,0,,,
643285,0,642905,,
643287,0,642905,,
643288,0,,,
643293,0,642907,1479,
643294,0,642906,,
643295,0,642906,,
643297,0,,,
643298,0,,,
643299,0,642906,,1478
643300,0,,,
643303,0,,,
643305,0,642909,,1637
643306,0,,,
643308,0,,,
643311,0,642908,1636,
643315,0,642908,,1527
643316,0,642909,1528,
643317,0,,,
643320,0,642909,1528,
643323,0,642908,,1527
643325,0,,,
643329,0,642911,,1527
643330,0,642910,1528,
643337,0,642913,1536,
643340,0,642912,1496,
643341,0,642913,2033,
643346,0,642913,,1497
643349,0,642914,2033,
643351,0,642915,,1343
643352,0,642915,,1709
643353,0,642914,,1344
643354,0,642914,1619,
643355,0,642915,1660,
643361,0,,,
643362,0,642917,2959,
643363,0,642917,1609,
643365,0,642916,,1610
643369,0,,,
643372,0,642918,1636,
643374,0,642919,1609,
643377,0,642918,,1610
643380,0,642919,,1637
643381,0,642918,1636,
643382,0,,,
643383,0,,,
643384,0,642920,,1527
643385,0,642920,1623,
643386,0,642921,1680,
643387,0,642921,1528,
643388,0,642921,1528,
643389,0,642921,,1396
643391,0,642922,3772,
643392,0,642922,1680,
643393,0,,,
643395,0,642922,,1680
643396,0,642923,1868,
643398,0,,,
643404,0,642925,,2817
643406,0,642924,1564,
643408,0,642924,,1442
643409,0,642924,1581,
643411,0,642925,1614,
643412,0,,,
643415,0,642925,1414,
643420,0,,,
643425,0,642926,,1396
643426,0,,,
643435,0,642928,1411,
643436,0,642927,3523,
643437,0,642927,1409,
643440,0,,,
643441,0,642928,,2820
643442,0,642927,,1412
643450,0,642929,,1420
643452,0,642930,,1637
643453,0,642930,1419,
643455,0,642929,1636,
643461,0,,,
643463,0,642932,,1547
643464,0,,,
643468,0,642931,1636,
643469,0,642931,1548,
643470,0,642931,1548,
643473,0,642932,1419,
643475,0,642931,,1420
643476,0,642933,,2819
643477,0,642934,,3521
643478,0,642934,1411,
643479,0,642934,2820,
643480,0,642933,,1412
643483,0,642933,2959,
643484,0,642935,,1542
643486,0,642935,,1412
643487,0,642936,1411,
643489,0,642935,1482,
643490,0,642936,,1483
643491,0,,,
643492,0,642936,,1410
643494,0,,,
643495,0,,,
643496,0,642938,,3545
643497,0,642937,1457,
643498,0,642938,1623,
643501,0,,,
643503,0,642937,,1396
643505,0,642940,1541,
643506,0,642939,,2819
643507,0,,,
643508,0,642940,,2820
643509,0,642939,1397,
643510,0,,,
643511,0,642942,,2820
643512,0,642941,,2819
643513,0,642941,1397,
643514,0,642942,1541,
643518,0,642943,,1478
643521,0,642944,1619,
643522,0,642944,1479,
643527,0,642944,,1344
643528,0,642943,1593,
643529,1,,,
643530,1,,,
643531,1,,,
643532,1,,,
643533,1,,,
643534,1,,,
643535,1,,,
643536,1,,,
643537,1,,,
643538,1,,,
643539,1,,,
643540,1,,,
643541,1,,,
643542,1,,,
643543,1,,,
643544,1,,,
643545,1,,,
643546,1,,,
643547,0,,,
643549,0,,,
643551,0,,,
643552,0,,,
643554,0,,,
643555,0,,,
643556,0,,,
643558,0,,,
643559,0,,,
643560,0,,,
643561,0,,,
643562,0,,,
643563,0,,,
643564,0,,,
643565,0,,,
643567,0,,,
643568,0,,,
643569,0,,,
643570,0,,,
643571,0,,,
643574,0,,,
643575,0,,,
643576,0,,,
643577,0,,,
643578,0,,,
643579,0,,,
643580,0,,,
643581,0,,,
643582,0,,,
643583,0,,,
643584,0,,,
643585,0,,,
643586,0,,,
643587,0,,,
643588,0,,,
643590,0,,,
643591,0,,,
643592,0,,,
643593,0,,,
643594,0,,,
643595,0,,,
643596,0,,,
643597,0,,,
643598,0,,,
643599,0,,,
643600,0,,,
643601,0,,,
643602,0,,,
643603,0,,,
643605,0,,,
643607,0,,,
643609,0,,,
643610,0,,,
643611,0,,,
643612,0,,,
643613,0,,,
643614,0,,,
643615,0,,,
643616,0,,,
643617,0,,,
643618,0,,,
643619,0,,,
643624,0,,,
643625,0,,,
643626,0,,,
643627,0,,,
643628,0,,,
643629,0,,,
643630,0,,,
643631,0,,,
643632,0,,,
643633,0,,,
643634,0,,,
643635,0,,,
643636,0,,,
643637,0,,,
643638,0,,,
643639,0,,,
643640,0,,,
643641,0,,,
643642,0,,,
643643,1,,,
643644,1,,,
643645,1,,,
643646,1,,,
643647,1,,,
643649,1,,,
643650,1,,,
643655,0,,,
643656,0,,,
643658,0,,,
643661,0,,,
643662,0,,,
643665,0,,,
643668,0,,,
643669,0,,,
643677,0,,,
643680,0,,,
643681,0,,,
643682,0,,,
643683,0,,,
643690,0,,,
643691,0,,,
643693,0,,,
643697,0,,,
643698,0,,,
643706,0,,,
643708,0,,,
643710,0,,,
643712,0,,,
643716,0,,,
643723,0,,,
643724,0,,,
643725,0,,,
643726,0,,,
643727,0,,,
643730,1,,,
643731,1,,,
643732,1,,,
643733,1,,,
643734,1,,,
643735,1,,,
643736,1,,,
643737,1,,,
643738,0,,,
643739,0,,,
643741,0,,,
643742,0,,,
643743,0,,,
643744,0,,,
643745,0,,,
643746,0,,,
643747,0,,,
643748,0,,,
643749,0,,,
643753,0,,,
643755,0,,,
643756,0,,,
643757,0,,,
643758,1,,,
643759,1,,,
643760,0,,,
643761,0,,,
643762,0,,,
643763,0,,,
643764,0,,,
643765,0,,,
643766,0,,,
643767,0,,,
643768,0,,,
643770,0,,,
643771,0,,,
643772,1,,,
643773,1,,,
643774,1,,,
643775,1,,,
643776,1,,,
643777,1,,,
643778,1,,,
643779,1,,,
643781,0,,,
643782,0,,,
643793,0,,,
643796,0,,,
643797,0,,,
643798,0,,,
645148,1,,,
645149,1,,,
645151,1,,,
645153,1,,,
645154,1,,,
645155,1,,,
645156,1,,,
645157,1,,,
645158,1,,,
645159,1,,,
645160,1,,,
645161,1,,,
645162,1,,,
645163,1,,,
645164,1,,,
645165,1,,,
645166,1,,,
645167,1,,,
645168,1,,,
645169,1,,,
645170,1,,,
645171,1,,,
645172,1,,,
645173,1,,,
645174,1,,,
645175,1,,,
645176,1,,,
645177,1,,,
645178,1,,,
645179,1,,,
645180,1,,,
645181,1,,,
645182,1,,,
645183,1,,,
645184,1,,,
645185,1,,,
645186,1,,,
645187,1,,,
645188,1,,,
645189,1,,,
645190,1,,,
645191,1,,,
645192,1,,,
645193,1,,,
645194,1,,,
645195,1,,,
645196,1,,,
645197,1,,,
645198,1,,,
645199,1,,,
645200,1,,,
645201,1,,,
645202,1,,,
645203,1,,,
645204,1,,,
645205,1,,,
645206,1,,,
645207,1,,,
645208,1,,,
645209,1,,,
645210,1,,,
645211,1,,,
645212,1,,,
645213,1,,,
645214,1,,,
645215,1,,,
645216,1,,,
645217,1,,,
645218,1,,,
645219,1,,,
645220,1,,,
645221,1,,,
645222,1,,,
645223,1,,,
645224,1,,,
645225,1,,,
645226,1,,,
645227,1,,,
645228,1,,,
645229,1,,,
645230,1,,,
645231,1,,,
645232,1,,,
645233,1,,,
645234,1,,,
645235,1,,,
645236,1,,,
645237,1,,,
645238,1,,,
645239,1,,,
645240,1,,,
645241,1,,,
645242,1,,,
645243,1,,,
645244,1,,,
645245,1,,,
645246,1,,,
645247,1,,,
645248,1,,,
645249,1,,,
645250,1,,,
645251,1,,,
645252,1,,,
645253,1,,,
645254,1,,,
645255,1,,,
645256,1,,,
645257,1,,,
645258,1,,,
645259,1,,,
645260,1,,,
645261,1,,,
645262,1,,,
645263,1,,,
645264,1,,,
645265,1,,,
645266,1,,,
645267,1,,,
645268,1,,,
645269,1,,,
645270,1,,,
645271,1,645271,,879
645272,1,,,
645273,1,,,
645274,1,,,
645275,1,,,
645276,1,,,
645277,1,,,
645278,1,,,
645279,1,,,
645280,1,,,
645281,1,,,
645282,0,,,
645283,0,,,
645284,0,,,
645285,0,,,
645287,0,,,
645288,0,,,
645289,0,,,
645290,0,,,
645291,0,,,
645292,0,,,
645293,0,,,
645295,0,,,
645296,0,,,
645297,0,,,
645298,0,,,
645299,0,,,
645300,0,,,
645301,0,,,
645302,0,,,
645303,0,,,
645304,0,,,
645305,0,,,
645306,0,,,
645308,0,,,
645309,0,,,
645310,0,,,
645311,0,,,
645312,0,,,
645313,0,,,
645315,0,,,
645316,0,,,
645317,0,645162,,644
645318,0,645163,1318,
645319,0,645162,648,
645320,0,645163,,651
645323,0,,,
645325,0,645164,1306,
645326,0,645164,1141,
645327,0,645165,125,
645329,0,645164,1306,
645330,0,645164,1306,
645331,0,645165,,1174
645332,0,645165,,1174
645333,0,645164,,2554
645334,0,,,
645335,0,,,
645336,0,,,
645337,0,,,
645338,0,,,
645339,0,,,
645340,0,,,
645341,0,,,
645345,0,,,
645347,0,,,
645348,0,,,
645349,0,645172,,240
645350,0,,,
645351,0,,,
645353,0,,,
645354,0,645173,,543
645355,0,,,
645357,0,645175,125,
645358,0,645174,208,
645359,0,645174,,2554
645360,0,645175,,210
645361,0,,,
645364,0,,,
645367,0,645177,,2953
645368,0,,,
645369,0,645176,,3002
645370,0,,,
645373,0,,,
645374,0,645179,,2953
645376,0,,,
645377,0,645179,,2953
645378,0,,,
645382,0,645181,667,
645383,0,,,
645384,0,,,
645385,0,,,
645386,0,,,
645387,0,,,
645388,0,645180,,3131
645389,0,,,
645391,0,645180,,668
645392,0,645180,,668
645393,0,645180,,668
645394,0,645180,,668
645395,0,645181,,642
645396,0,645181,667,
645398,0,645183,629,
645399,0,645182,2235,
645401,0,645182,,619
645402,0,645183,,635
645404,0,,,
645406,0,,,
645408,0,,,
645410,0,,,
645412,0,,,
645413,0,,,
645415,0,,,
645417,0,,,
645418,0,,,
645419,0,,,
645420,0,,,
645421,0,645184,,
645424,0,,,
645425,0,,,
645427,0,,,
645428,0,,,
645429,0,,,
645431,0,645191,638,
645432,0,,,
645433,0,645190,647,
645434,0,645191,,646
645435,0,645190,,647
645436,0,,,
645438,0,,,
645439,0,,,
645440,0,,,
645441,0,645193,3131,
645442,0,645192,1309,
645443,0,645192,,114
645444,0,645193,,1307
645445,0,645193,,1307
645446,0,,,
645447,0,,,
645448,0,645194,,668
645449,0,645194,670,
645450,0,645195,667,
645451,0,645195,,669
645452,0,,,
645453,0,,,
645454,0,,,
645456,0,,,
645457,0,645196,,2554
645458,0,,,
645462,0,645196,208,
645464,0,645197,,210
645465,0,,,
645466,0,645197,,543
645468,0,,,
645469,0,,,
645470,0,,,
645471,0,,,
645472,0,645196,,2554
645475,0,,,
645476,0,645198,,668
645477,0,645199,,669
645480,0,645198,670,
645483,0,645201,,646
645484,0,645200,,647
645485,0,645200,647,
645486,0,,,
645487,0,645201,638,
645489,0,,,
645490,0,,,
645491,0,645203,,646
645492,0,645202,,647
645493,0,,,
645495,0,645204,648,
645496,0,645205,1318,
645497,0,,,
645499,0,,,
645500,0,645205,,651
645505,0,645204,,644
645510,0,,,
645511,0,645206,324,
645512,0,645207,3512,
645513,0,,,
645514,0,645207,,323
645516,0,,,
645517,0,,,
645518,0,,,
645519,0,,,
645521,0,,,
645522,0,,,
645523,0,645209,,898
645524,0,,,
645525,0,645208,,3460
645526,0,645209,1248,
645527,0,,,
645528,0,,,
645529,0,,,
645530,0,,,
645531,0,,,
645532,0,,,
645534,0,,,
645535,0,645211,2815,
645536,0,645211,603,
645538,0,645211,,2828
645540,0,645210,,2816
645541,0,645210,711,
645543,0,645212,2885,
645544,0,,,
645545,0,,,
645546,0,645213,3805,
645547,0,645212,,
645548,0,,,
645549,0,,,
645551,0,,,
645552,0,645215,,
645554,0,645214,1318,
645555,0,645214,1318,
645556,0,645215,,
645557,0,,,
645560,0,,,
645561,0,,,
645563,0,,,
645564,0,645217,,2886
645565,0,,,
645566,0,,,
645567,0,645216,2885,
645568,0,645216,2885,
645571,0,645217,3797,
645572,0,645216,,
645573,0,,,
645574,0,,,
645575,0,,,
645576,0,,,
645577,0,,,
645578,0,645219,3805,
645579,0,645218,2885,
645580,0,,,
645582,0,,,
645583,0,,,
645584,0,645218,,
645585,0,,,
645588,0,,,
645589,0,645221,,
645590,0,,,
645591,0,,,
645592,0,645223,1306,
645593,0,645223,1306,
645595,0,645223,,2886
645598,0,645222,,1174
645599,0,,,
645600,0,,,
645601,0,645222,,1174
645602,0,645222,2885,
645605,0,,,
645606,0,,,
645607,0,645225,493,
645609,0,645224,209,
645610,0,645225,,1142
645612,0,645224,,978
645614,0,,,
645615,0,645226,,610
645616,0,645226,708,
645617,0,645227,603,
645618,0,645227,,707
645619,0,,,
645620,0,,,
645624,0,,,
645625,0,,,
645628,0,,,
645630,0,,,
645631,0,,,
645632,0,645232,,3460
645633,0,645233,,1012
645634,0,645233,,815
645635,0,645233,,1142
645636,0,645232,,
645637,0,645233,1248,
645638,0,645232,964,
645640,0,,,
645641,0,,,
645642,0,645235,209,
645643,0,645234,128,
645644,0,645234,,212
645645,0,645235,,127
645646,0,645235,,127
645647,0,,,
645648,0,,,
645649,0,,,
645650,0,,,
645651,0,,,
645652,0,,,
645653,0,645236,1318,
645654,0,,,
645656,0,,,
645657,0,,,
645658,0,,,
645659,0,,,
645660,0,,,
645661,0,,,
645662,0,,,
645663,0,645237,,644
645664,0,645237,,644
645665,0,645236,,651
645666,0,645236,1318,
645667,0,645237,648,
645669,0,,,
645670,0,,,
645671,0,,,
645672,0,645239,,
645673,0,645238,,2953
645675,0,645241,,874
645676,0,,,
645677,0,,,
645678,0,,,
645680,0,,,
645681,0,,,
645682,0,,,
645683,0,,,
645684,0,,,
645685,0,645241,,
645687,0,,,
645688,0,645243,,2886
645691,0,645244,,644
645692,0,645245,1318,
645693,0,645244,648,
645694,0,645245,,651
645695,0,,,
645699,0,645247,1819,
645700,0,645247,1819,
645701,0,645246,1248,
645702,0,645247,,611
645703,0,645246,,1012
645704,0,,,
645705,0,,,
645706,0,645249,,2886
645707,0,,,
645708,0,,,
645709,0,645248,,3572
645710,0,645248,2885,
645711,0,645249,3572,
645712,0,645251,3574,
645713,0,645250,2885,
645714,0,645250,,3574
645715,0,645251,,2886
645716,0,,,
645717,0,645252,,624
645719,0,,,
645721,0,,,
645722,0,,,
645723,0,,,
645724,0,,,
645725,0,,,
645727,0,,,
645728,0,,,
645729,0,645253,625,
645730,0,645253,625,
645731,0,645252,779,
645732,0,645252,779,
645733,0,645253,,780
645734,0,645253,,780
645738,0,,,
645739,0,,,
645740,0,,,
645741,0,645254,,1030
645742,0,645254,,1030
645744,0,,,
645745,0,,,
645747,0,645254,,284
645748,0,645255,,2973
645749,0,645255,,2973
645750,0,645255,,2973
645753,0,645257,,2854
645754,0,,,
645755,0,,,
645758,0,645257,,127
645759,0,,,
645761,0,645256,242,
645762,0,645256,242,
645763,0,645256,128,
645764,0,645256,128,
645765,0,645257,,127
645766,0,,,
645767,0,,,
645768,0,,,
645769,0,,,
645770,0,645259,,1267
645771,0,645259,,3124
645772,0,645261,208,
645773,0,,,
645774,0,645260,125,
645775,0,645261,,2554
645776,0,,,
645777,0,,,
645778,0,,,
645779,0,645262,708,
645781,0,645262,708,
645782,0,645262,708,
645783,0,645263,,707
645785,0,645262,,610
645786,0,645263,603,
645787,0,,,
645788,0,,,
645789,0,,,
645790,0,,,
645791,0,645265,,651
645792,0,645265,,651
645793,0,645264,648,
645794,0,,,
645795,0,645265,1318,
645796,0,645264,,644
645797,0,645264,,644
645798,0,645267,,1160
645799,0,645267,2783,
645800,0,645266,665,
645801,0,,,
645802,0,,,
645803,0,645269,,2854
645805,0,645268,242,
645806,0,645268,125,
645807,0,,,
645810,0,,,
645811,0,,,
645812,0,645271,879,
645813,0,,,
645815,0,645273,43,
645816,0,645272,248,
645817,0,645273,,40
645818,0,645272,,
645819,0,,,
645820,0,645275,642,
645822,0,645274,3123,
645824,0,645274,,637
645825,0,645277,,707
645826,0,645276,708,
645827,0,645277,603,
645828,0,645276,,610
645829,0,645279,,2854
645830,0,645279,,127
645831,0,645278,242,
645832,0,645278,128,
645833,0,645281,,1782
645834,1,,,
645835,1,,,
645836,1,,,
645837,1,,,
645838,1,,,
645839,1,,,
645840,1,,,
645841,1,,,
645842,1,,,
645843,1,,,
645844,1,,,
645845,1,,,
645846,1,,,
645847,1,,,
645848,1,,,
645849,1,,,
645850,1,,,
645851,1,,,
645852,1,,,
645853,1,,,
645854,1,,,
645855,1,,,
645856,1,,,
645857,1,,,
645858,1,,,
645859,1,,,
645860,1,,,
645861,1,,,
645862,1,,,
645863,1,,,
645864,1,,,
645865,1,,,
645866,1,,,
645867,1,,,
645868,1,,,
645869,1,,,
645870,1,,,
645871,1,,,
645872,1,,,
645873,1,,,
645874,1,,,
645875,1,,,
645876,1,,,
645877,1,,,
645878,1,,,
645879,1,,,
645880,1,,,
645881,1,,,
645882,1,,,
645883,1,,,
645884,1,,,
645885,1,,,
645886,1,,,
645887,1,,,
645888,1,,,
645889,1,,,
645891,1,,,
645892,1,,,
645894,1,,,
645895,1,,,
645896,1,,,
645897,1,,,
645898,1,,,
645899,1,,,
645900,1,,,
645901,1,,,
645902,1,,,
645903,1,,,
645904,1,,,
645905,1,,,
645906,1,,,
645907,1,,,
645908,1,,,
645909,1,,,
645910,1,,,
645911,1,,,
645912,1,,,
645913,1,,,
645914,1,,,
645915,1,,,
645916,1,,,
645917,1,,,
645918,1,,,
645919,1,,,
645920,1,,,
645921,1,,,
645922,1,,,
645923,1,,,
645924,1,,,
645925,1,,,
645926,1,,,
645927,1,,,
645928,1,,,
645929,1,,,
645930,1,,,
645931,1,,,
645932,1,,,
645933,1,,,
645934,1,,,
645935,1,,,
645936,1,,,
645937,1,,,
645938,1,,,
645939,1,,,
645940,1,,,
645941,1,,,
645942,1,,,
645943,1,,,
645944,1,,,
645945,1,,,
645946,1,,,
645947,1,,,
645948,1,,,
645949,1,,,
645950,1,,,
645951,1,,,
645952,1,,,
645953,1,,,
645954,1,,,
645955,1,,,
645956,1,,,
645957,1,,,
645958,1,,,
645959,1,,,
645960,1,,,
645961,1,,,
645963,0,,,
645965,0,,,
645968,0,,,
645969,0,,,
645970,0,,,
645971,0,,,
645972,0,,,
645973,0,,,
645974,0,,,
645976,0,,,
645977,0,,,
645983,0,,,
645984,0,,,
645985,0,,,
645987,0,,,
645988,0,,,
645989,0,,,
645990,0,,,
645991,0,,,
645993,0,,,
645994,0,,,
645995,0,,,
645996,0,,,
645997,0,645162,,644
645998,0,645163,1318,
645999,0,645162,648,
646000,0,645163,,651
646002,0,,,
646003,0,,,
646005,0,645164,1306,
646006,0,645164,1141,
646007,0,645165,125,
646010,0,645164,1306,
646011,0,645165,,1174
646012,0,645165,,1174
646013,0,645164,,2554
646017,0,,,
646018,0,,,
646020,0,,,
646024,0,,,
646027,0,,,
646028,0,,,
646029,0,645172,,240
646030,0,,,
646031,0,,,
646033,0,,,
646034,0,645173,,543
646036,0,,,
646037,0,645175,125,
646038,0,645174,208,
646039,0,645174,,2554
646040,0,645175,,210
646041,0,,,
646042,0,,,
646044,0,,,
646047,0,645177,,2953
646048,0,,,
646049,0,645176,,3002
646050,0,,,
646053,0,,,
646054,0,645179,,2953
646056,0,,,
646057,0,645179,,2953
646058,0,,,
646062,0,645181,667,
646063,0,,,
646064,0,,,
646065,0,,,
646066,0,,,
646067,0,,,
646068,0,645180,,3131
646069,0,,,
646070,0,645181,,
646071,0,645180,,668
646072,0,645180,,668
646073,0,645180,,668
646074,0,645180,,668
646075,0,645181,,642
646076,0,645181,667,
646078,0,645183,629,
646079,0,645182,2235,
646080,0,,,
646081,0,645182,,619
646082,0,645183,,635
646083,0,,,
646085,0,,,
646086,0,,,
646087,0,,,
646088,0,,,
646090,0,,,
646092,0,,,
646093,0,,,
646095,0,,,
646097,0,,,
646098,0,,,
646100,0,,,
646101,0,645184,,
646102,0,,,
646103,0,,,
646105,0,,,
646106,0,,,
646107,0,,,
646110,0,,,
646111,0,645191,638,
646112,0,,,
646113,0,645190,647,
646115,0,645190,,647
646117,0,,,
646118,0,,,
646119,0,,,
646120,0,,,
646121,0,645193,3131,
646122,0,645192,1309,
646123,0,645192,,114
646126,0,,,
646127,0,,,
646128,0,645194,,668
646130,0,645195,667,
646132,0,,,
646133,0,,,
646134,0,,,
646136,0,,,
646137,0,645196,,2554
646138,0,,,
646142,0,645196,208,
646144,0,645197,,210
646145,0,,,
646146,0,645197,,543
646148,0,,,
646149,0,,,
646150,0,,,
646151,0,,,
646152,0,645196,,2554
646156,0,645198,,668
646157,0,645199,,669
646158,0,,,
646159,0,645199,667,
646160,0,645198,670,
646162,0,,,
646163,0,645201,,646
646164,0,645200,,647
646165,0,645200,647,
646166,0,,,
646167,0,645201,638,
646168,0,,,
646170,0,,,
646171,0,645203,,646
646172,0,645202,,647
646173,0,,,
646174,0,,,
646175,0,645204,648,
646177,0,,,
646180,0,645205,,651
646181,0,,,
646187,0,,,
646189,0,,,
646192,0,645207,3512,
646194,0,645207,,323
646196,0,,,
646197,0,,,
646198,0,,,
646199,0,,,
646201,0,,,
646202,0,,,
646203,0,645209,,898
646204,0,,,
646205,0,645208,,3460
646206,0,645209,1248,
646207,0,,,
646208,0,,,
646211,0,,,
646212,0,,,
646214,0,,,
646215,0,645211,2815,
646216,0,645211,603,
646218,0,645211,,2828
646221,0,645210,711,
646222,0,,,
646224,0,,,
646228,0,,,
646229,0,,,
646231,0,,,
646232,0,645215,,
646234,0,645214,1318,
646235,0,645214,1318,
646236,0,645215,,
646237,0,,,
646238,0,,,
646239,0,,,
646240,0,,,
646241,0,,,
646242,0,,,
646243,0,,,
646246,0,,,
646247,0,645216,2885,
646249,0,645216,2885,
646250,0,645216,2885,
646251,0,645217,3797,
646252,0,645216,,
646253,0,,,
646254,0,,,
646258,0,645219,3805,
646259,0,645218,2885,
646261,0,,,
646263,0,,,
646264,0,645218,,
646265,0,,,
646266,0,,,
646267,0,,,
646268,0,,,
646269,0,645221,,
646270,0,,,
646271,0,,,
646272,0,645223,1306,
646273,0,645223,1306,
646274,0,,,
646275,0,645223,,2886
646276,0,,,
646277,0,,,
646278,0,645222,,1174
646279,0,,,
646280,0,,,
646282,0,645222,2885,
646283,0,645222,2885,
646285,0,,,
646286,0,,,
646287,0,645225,493,
646288,0,,,
646289,0,645224,209,
646290,0,645225,,1142
646291,0,,,
646292,0,645224,,978
646293,0,,,
646294,0,,,
646295,0,645226,,610
646296,0,645226,708,
646297,0,645227,603,
646298,0,645227,,707
646299,0,,,
646300,0,,,
646301,0,,,
646311,0,,,
646314,0,645235,209,
646315,0,645234,128,
646316,0,645234,,212
646317,0,645235,,127
646319,0,,,
646320,0,,,
646321,0,,,
646322,0,,,
646335,0,645237,,644
646336,0,645237,,644
646337,0,645236,,651
646339,0,645237,648,
646340,0,,,
646341,0,,,
646342,0,,,
646343,0,,,
646344,0,645239,,
646345,0,645238,,2953
646346,0,,,
646347,0,645241,,874
646348,0,,,
646350,0,,,
646357,0,645241,,
646358,0,,,
646359,0,,,
646360,0,645243,,2886
646361,0,,,
646362,0,,,
646363,0,645244,,644
646364,0,645245,1318,
646365,0,645244,648,
646366,0,645245,,651
646367,0,,,
646371,0,645247,1819,
646372,0,645247,1819,
646373,0,645246,1248,
646374,0,645247,,611
646376,0,,,
646377,0,,,
646378,0,645249,,2886
646381,0,645248,,3572
646382,0,645248,2885,
646383,0,645249,3572,
646389,0,645252,,624
646390,0,,,
646392,0,,,
646400,0,,,
646401,0,645253,625,
646402,0,645253,625,
646403,0,645252,779,
646405,0,645253,,780
646410,0,,,
646411,0,,,
646412,0,,,
646413,0,645254,,1030
646414,0,645254,,1030
646415,0,645254,,1030
646416,0,,,
646417,0,,,
646419,0,645254,,284
646420,0,645255,,2973
646421,0,645255,,2973
646422,0,645255,,2973
646423,0,,,
646424,0,,,
646425,0,645257,,2854
646426,0,,,
646427,0,,,
646429,0,,,
646431,0,,,
646432,0,,,
646433,0,645256,242,
646434,0,645256,242,
646435,0,645256,128,
646436,0,645256,128,
646438,0,,,
646439,0,,,
646440,0,,,
646441,0,,,
646442,0,645259,,1267
646443,0,645259,,3124
646446,0,645260,125,
646447,0,645261,,2554
646449,0,,,
646450,0,,,
646451,0,645262,708,
646452,0,,,
646455,0,645263,,707
646458,0,645263,603,
646459,0,,,
646461,0,,,
646463,0,645265,,651
646465,0,645264,648,
646467,0,645265,1318,
646468,0,645264,,644
646469,0,645264,,644
646474,0,,,
646475,0,645269,,2854
646476,0,,,
646477,0,645268,242,
646486,0,645275,642,
646487,0,,,
646488,0,645274,3123,
646490,0,645274,,637
646491,0,645279,,2854
646492,0,645279,,127
646493,0,645278,242,
646494,0,645278,128,
646495,0,645281,,1782
